0.999953 -0.005512 0.007940 -0.008816
0.005580 0.999948 -0.008583 -0.010032
-0.007892 0.008627 0.999932 0.029255
0.000000 0.000000 0.000000 1.000000

0.999913 -0.008469 0.010106 -0.042937
0.008561 0.999922 -0.009113 -0.009715
-0.010028 0.009199 0.999907 0.029214
0.000000 0.000000 0.000000 1.000000

0.999937 -0.011130 0.001093 -0.048333
0.011139 0.999902 -0.008450 -0.006708
-0.000999 0.008462 0.999964 0.017552
0.000000 0.000000 0.000000 1.000000

0.999918 -0.010408 -0.007438 -0.042623
0.010365 0.999929 -0.005823 0.005645
0.007498 0.005746 0.999955 0.019607
0.000000 0.000000 0.000000 1.000000

0.999941 -0.006395 -0.008724 -0.039317
0.006379 0.999978 -0.001814 0.009391
0.008735 0.001758 0.999960 0.013556
0.000000 0.000000 0.000000 1.000000

0.999971 -0.004798 -0.005887 -0.027620
0.004815 0.999984 0.002842 -0.000800
0.005873 -0.002870 0.999979 0.015394
0.000000 0.000000 0.000000 1.000000

0.999986 -0.005015 -0.001664 -0.041334
0.005026 0.999962 0.007180 -0.006673
0.001628 -0.007188 0.999973 0.025929
0.000000 0.000000 0.000000 1.000000

0.999995 -0.002632 0.001484 -0.039754
0.002619 0.999962 0.008354 -0.020205
-0.001506 -0.008350 0.999964 0.025454
0.000000 0.000000 0.000000 1.000000

0.999988 -0.000750 0.004905 -0.025803
0.000731 0.999992 0.003909 -0.018988
-0.004908 -0.003905 0.999980 0.031520
0.000000 0.000000 0.000000 1.000000

0.999980 0.001780 0.006135 -0.027736
-0.001773 0.999998 -0.001186 0.010770
-0.006137 0.001176 0.999980 0.028633
0.000000 0.000000 0.000000 1.000000

0.999972 0.001821 0.007191 -0.056673
-0.001859 0.999985 0.005208 -0.000441
-0.007181 -0.005222 0.999961 0.019293
0.000000 0.000000 0.000000 1.000000

0.999958 -0.000293 0.009149 -0.100911
0.000188 0.999934 0.011509 -0.012627
-0.009151 -0.011506 0.999892 0.020889
0.000000 0.000000 0.000000 1.000000

0.999991 -0.001955 0.003780 -0.080663
0.001906 0.999916 0.012804 0.004168
-0.003805 -0.012797 0.999911 0.027158
0.000000 0.000000 0.000000 1.000000

0.999988 -0.003283 -0.003697 -0.047168
0.003336 0.999887 0.014666 -0.003704
0.003648 -0.014679 0.999886 0.021283
0.000000 0.000000 0.000000 1.000000

0.999980 -0.003739 -0.005027 -0.067077
0.003808 0.999896 0.013915 -0.005528
0.004974 -0.013934 0.999891 0.018095
0.000000 0.000000 0.000000 1.000000

0.999980 -0.004884 -0.003970 -0.073119
0.004940 0.999887 0.014223 -0.016786
0.003900 -0.014243 0.999891 0.028327
0.000000 0.000000 0.000000 1.000000

0.999968 -0.007647 -0.002428 -0.055390
0.007667 0.999938 0.008134 -0.033321
0.002365 -0.008152 0.999964 0.031154
0.000000 0.000000 0.000000 1.000000

0.999973 -0.006207 0.004049 -0.060513
0.006220 0.999976 -0.003131 -0.016467
-0.004029 0.003157 0.999987 0.019739
0.000000 0.000000 0.000000 1.000000

0.999930 -0.001270 0.011733 -0.072710
0.001330 0.999986 -0.005105 0.008159
-0.011726 0.005121 0.999918 0.026535
0.000000 0.000000 0.000000 1.000000

0.999835 -0.000758 0.018166 -0.104872
0.000791 0.999998 -0.001783 0.013736
-0.018165 0.001797 0.999833 0.034745
0.000000 0.000000 0.000000 1.000000

0.999800 -0.006522 0.018903 -0.121712
0.006541 0.999978 -0.000952 -0.001938
-0.018897 0.001075 0.999821 0.023462
0.000000 0.000000 0.000000 1.000000

0.999880 -0.008973 0.012610 -0.099233
0.008940 0.999956 0.002700 0.001676
-0.012634 -0.002587 0.999917 0.022609
0.000000 0.000000 0.000000 1.000000

0.999906 -0.009557 0.009859 -0.092427
0.009470 0.999916 0.008827 -0.008842
-0.009942 -0.008733 0.999912 0.027978
0.000000 0.000000 0.000000 1.000000

0.999923 -0.010194 0.007096 -0.075872
0.010119 0.999893 0.010569 -0.051747
-0.007203 -0.010496 0.999919 0.040787
0.000000 0.000000 0.000000 1.000000

0.999953 -0.008778 0.004133 -0.071897
0.008760 0.999953 0.004268 -0.050107
-0.004170 -0.004231 0.999982 0.049603
0.000000 0.000000 0.000000 1.000000

0.999951 -0.006518 0.007472 -0.092645
0.006528 0.999978 -0.001282 -0.044664
-0.007464 0.001331 0.999971 0.041243
0.000000 0.000000 0.000000 1.000000

0.999909 -0.004698 0.012634 -0.080557
0.004759 0.999977 -0.004792 -0.050517
-0.012611 0.004851 0.999909 0.038450
0.000000 0.000000 0.000000 1.000000

0.999814 -0.004180 0.018842 -0.094058
0.004365 0.999943 -0.009746 -0.042244
-0.018800 0.009827 0.999775 0.026893
0.000000 0.000000 0.000000 1.000000

0.999873 0.000475 0.015954 -0.089466
-0.000201 0.999853 -0.017148 0.039198
-0.015959 0.017142 0.999726 0.013835
0.000000 0.000000 0.000000 1.000000

0.999946 -0.000059 0.010431 -0.089819
0.000164 0.999949 -0.010088 0.035451
-0.010430 0.010090 0.999895 0.017622
0.000000 0.000000 0.000000 1.000000

0.999948 -0.003520 0.009590 -0.117638
0.003527 0.999994 -0.000708 -0.052255
-0.009588 0.000741 0.999954 0.021113
0.000000 0.000000 0.000000 1.000000

0.999989 0.001642 0.004325 -0.082220
-0.001598 0.999947 -0.010218 -0.045679
-0.004342 0.010211 0.999938 0.023599
0.000000 0.000000 0.000000 1.000000

0.999947 0.008795 0.005309 -0.063773
-0.008691 0.999774 -0.019406 -0.013571
-0.005479 0.019359 0.999798 0.024955
0.000000 0.000000 0.000000 1.000000

0.999921 0.009376 0.008357 -0.074227
-0.009201 0.999743 -0.020725 0.003300
-0.008549 0.020647 0.999750 0.017956
0.000000 0.000000 0.000000 1.000000

0.999969 0.006732 0.004190 -0.067761
-0.006663 0.999844 -0.016329 0.002401
-0.004299 0.016300 0.999858 0.019298
0.000000 0.000000 0.000000 1.000000

0.999999 0.001041 -0.000884 -0.052530
-0.001049 0.999958 -0.009132 0.006659
0.000875 0.009132 0.999958 0.025229
0.000000 0.000000 0.000000 1.000000

0.999975 -0.006323 -0.003091 -0.045129
0.006323 0.999980 0.000030 -0.003121
0.003090 -0.000049 0.999995 0.025130
0.000000 0.000000 0.000000 1.000000

0.999962 -0.007186 -0.004858 -0.056958
0.007205 0.999966 0.003936 -0.014090
0.004830 -0.003971 0.999980 0.030794
0.000000 0.000000 0.000000 1.000000

0.999925 -0.005205 -0.011105 -0.028710
0.005275 0.999967 0.006257 -0.027455
0.011072 -0.006316 0.999919 0.034631
0.000000 0.000000 0.000000 1.000000

0.999913 -0.005423 -0.012010 -0.005811
0.005537 0.999940 0.009460 -0.051226
0.011958 -0.009525 0.999883 0.031471
0.000000 0.000000 0.000000 1.000000

0.999958 -0.003175 -0.008612 -0.028886
0.003213 0.999985 0.004461 -0.049463
0.008597 -0.004488 0.999953 0.037849
0.000000 0.000000 0.000000 1.000000

0.999941 0.001675 -0.010774 -0.029434
-0.001710 0.999993 -0.003257 -0.033867
0.010769 0.003275 0.999937 0.042671
0.000000 0.000000 0.000000 1.000000

0.999921 0.003003 -0.012195 -0.002892
-0.003130 0.999941 -0.010391 0.003034
0.012163 0.010428 0.999872 0.036615
0.000000 0.000000 0.000000 1.000000

0.999949 -0.001392 -0.009977 -0.011586
0.001269 0.999924 -0.012301 0.003948
0.009994 0.012288 0.999875 0.036868
0.000000 0.000000 0.000000 1.000000

0.999921 -0.004190 -0.011835 -0.020358
0.004072 0.999942 -0.009964 -0.014868
0.011876 0.009915 0.999880 0.051554
0.000000 0.000000 0.000000 1.000000

0.999891 -0.000193 -0.014775 -0.007926
0.000121 0.999988 -0.004899 -0.005358
0.014776 0.004896 0.999879 0.053586
0.000000 0.000000 0.000000 1.000000

0.999899 0.001918 -0.014053 -0.004162
-0.001930 0.999998 -0.000847 0.001408
0.014051 0.000874 0.999901 0.055589
0.000000 0.000000 0.000000 1.000000

0.999923 0.000987 -0.012403 0.001220
-0.000994 0.999999 -0.000555 -0.033047
0.012402 0.000567 0.999923 0.080021
0.000000 0.000000 0.000000 1.000000

0.999908 0.006446 -0.011921 -0.001575
-0.006477 0.999976 -0.002560 -0.062701
0.011904 0.002637 0.999926 0.076799
0.000000 0.000000 0.000000 1.000000

0.999817 0.014011 -0.013035 0.007690
-0.014095 0.999880 -0.006364 -0.061759
0.012945 0.006546 0.999895 0.056919
0.000000 0.000000 0.000000 1.000000

0.999894 0.008555 -0.011770 0.024619
-0.008693 0.999894 -0.011696 -0.060292
0.011669 0.011797 0.999862 0.049634
0.000000 0.000000 0.000000 1.000000

0.999978 -0.002444 -0.006236 0.017675
0.002370 0.999928 -0.011775 -0.048931
0.006264 0.011760 0.999911 0.033235
0.000000 0.000000 0.000000 1.000000

0.999986 -0.005233 0.000522 -0.019746
0.005235 0.999975 -0.004833 -0.081448
-0.000497 0.004836 0.999988 0.018931
0.000000 0.000000 0.000000 1.000000

0.999993 -0.003205 -0.001863 -0.017035
0.003187 0.999950 -0.009456 -0.077145
0.001893 0.009450 0.999954 0.034462
0.000000 0.000000 0.000000 1.000000

0.999965 0.000327 -0.008390 0.015310
-0.000451 0.999890 -0.014830 -0.051078
0.008385 0.014833 0.999855 0.055284
0.000000 0.000000 0.000000 1.000000

0.999958 0.004114 -0.008236 -0.000123
-0.004226 0.999899 -0.013548 -0.063410
0.008179 0.013582 0.999874 0.057772
0.000000 0.000000 0.000000 1.000000

0.999906 0.009393 -0.009975 -0.005281
-0.009537 0.999850 -0.014443 -0.076621
0.009838 0.014537 0.999846 0.042047
0.000000 0.000000 0.000000 1.000000

0.999893 0.010186 -0.010520 0.001345
-0.010385 0.999766 -0.018997 -0.057285
0.010324 0.019104 0.999764 0.023965
0.000000 0.000000 0.000000 1.000000

0.999987 0.002762 -0.004201 -0.003240
-0.002850 0.999773 -0.021138 -0.038270
0.004141 0.021149 0.999768 0.024707
0.000000 0.000000 0.000000 1.000000

0.999994 -0.003128 0.001426 -0.026176
0.003154 0.999821 -0.018668 -0.025495
-0.001368 0.018672 0.999825 0.030774
0.000000 0.000000 0.000000 1.000000

0.999988 -0.004865 0.000202 -0.046409
0.004867 0.999917 -0.011959 -0.027132
-0.000144 0.011959 0.999928 0.031176
0.000000 0.000000 0.000000 1.000000

0.999955 -0.005556 -0.007747 -0.032637
0.005504 0.999963 -0.006685 -0.040757
0.007784 0.006642 0.999948 0.031240
0.000000 0.000000 0.000000 1.000000

0.999882 -0.002334 -0.015211 -0.008806
0.002241 0.999979 -0.006095 -0.023052
0.015225 0.006060 0.999866 0.037648
0.000000 0.000000 0.000000 1.000000

0.999878 0.000048 -0.015649 0.013042
-0.000128 0.999987 -0.005106 -0.006462
0.015649 0.005108 0.999865 0.039420
0.000000 0.000000 0.000000 1.000000

0.999961 -0.002353 -0.008538 -0.003024
0.002336 0.999995 -0.002049 -0.007950
0.008543 0.002029 0.999961 0.039180
0.000000 0.000000 0.000000 1.000000

0.999994 -0.002919 -0.001711 -0.034181
0.002925 0.999989 0.003711 -0.028916
0.001700 -0.003716 0.999992 0.029785
0.000000 0.000000 0.000000 1.000000

0.999995 -0.001859 0.002533 -0.053664
0.001854 0.999996 0.002184 -0.016035
-0.002537 -0.002179 0.999994 0.031335
0.000000 0.000000 0.000000 1.000000

0.999995 0.000970 0.002957 -0.048627
-0.000971 0.999999 0.000450 -0.004568
-0.002956 -0.000452 0.999996 0.038251
0.000000 0.000000 0.000000 1.000000

0.999985 0.004963 0.002359 -0.050034
-0.004969 0.999984 0.002751 -0.012861
-0.002346 -0.002762 0.999993 0.040658
0.000000 0.000000 0.000000 1.000000

0.999975 0.005104 0.004933 -0.077967
-0.005128 0.999975 0.004949 -0.017718
-0.004908 -0.004974 0.999976 0.008646
0.000000 0.000000 0.000000 1.000000

0.999984 0.003062 0.004757 -0.065294
-0.003093 0.999974 0.006446 -0.016519
-0.004737 -0.006461 0.999968 -0.003875
0.000000 0.000000 0.000000 1.000000

0.999987 0.000515 0.005149 -0.051048
-0.000544 0.999984 0.005576 -0.006797
-0.005146 -0.005579 0.999971 0.019531
0.000000 0.000000 0.000000 1.000000

0.999970 -0.001061 0.007734 -0.069173
0.001016 0.999983 0.005825 -0.009871
-0.007740 -0.005817 0.999953 0.023205
0.000000 0.000000 0.000000 1.000000

0.999942 -0.003409 0.010193 -0.084073
0.003348 0.999976 0.006007 -0.011289
-0.010213 -0.005973 0.999930 0.026368
0.000000 0.000000 0.000000 1.000000

0.999890 -0.008621 0.012081 -0.095750
0.008572 0.999955 0.004074 0.001111
-0.012115 -0.003970 0.999919 0.023286
0.000000 0.000000 0.000000 1.000000

0.999894 -0.010694 0.009903 -0.098978
0.010644 0.999930 0.005137 0.000780
-0.009958 -0.005031 0.999938 0.017996
0.000000 0.000000 0.000000 1.000000

0.999925 -0.010149 0.006921 -0.082541
0.010102 0.999926 0.006797 -0.000182
-0.006990 -0.006726 0.999953 -0.007421
0.000000 0.000000 0.000000 1.000000

0.999915 -0.010541 0.007713 -0.075743
0.010489 0.999922 0.006850 -0.004693
-0.007785 -0.006768 0.999947 -0.004454
0.000000 0.000000 0.000000 1.000000

0.999844 -0.012842 0.012160 -0.093830
0.012775 0.999903 0.005535 -0.020438
-0.012230 -0.005379 0.999911 0.014632
0.000000 0.000000 0.000000 1.000000

0.999741 -0.014273 0.017747 -0.123872
0.014241 0.999897 0.001935 -0.015567
-0.017773 -0.001682 0.999841 0.005210
0.000000 0.000000 0.000000 1.000000

0.999752 -0.011320 0.019202 -0.136752
0.011294 0.999935 0.001476 -0.017168
-0.019218 -0.001259 0.999815 -0.000387
0.000000 0.000000 0.000000 1.000000

0.999529 -0.015697 0.026381 -0.188532
0.015693 0.999877 0.000367 -0.003047
-0.026384 0.000047 0.999652 0.009227
0.000000 0.000000 0.000000 1.000000

0.999483 -0.017929 0.026697 -0.185808
0.017932 0.999839 0.000113 0.031918
-0.026695 0.000365 0.999644 0.015740
0.000000 0.000000 0.000000 1.000000

0.999722 -0.013979 0.018990 -0.112717
0.013879 0.999889 0.005387 0.011723
-0.019063 -0.005122 0.999805 0.028530
0.000000 0.000000 0.000000 1.000000

0.999692 -0.014286 0.020280 -0.111996
0.014148 0.999876 0.006934 -0.017880
-0.020376 -0.006645 0.999770 0.023158
0.000000 0.000000 0.000000 1.000000

0.999754 -0.013770 0.017389 -0.113625
0.013677 0.999892 0.005441 -0.012034
-0.017462 -0.005202 0.999834 0.001847
0.000000 0.000000 0.000000 1.000000

0.999852 -0.010166 0.013913 -0.127282
0.010083 0.999931 0.006008 -0.027777
-0.013973 -0.005867 0.999885 -0.020816
0.000000 0.000000 0.000000 1.000000

0.999931 -0.008235 0.008436 -0.095769
0.008225 0.999965 0.001260 -0.012394
-0.008446 -0.001191 0.999964 -0.011673
0.000000 0.000000 0.000000 1.000000

0.999965 -0.006494 0.005289 -0.077978
0.006504 0.999977 -0.001824 0.003704
-0.005277 0.001858 0.999984 0.012368
0.000000 0.000000 0.000000 1.000000

0.999968 -0.001861 0.007757 -0.091070
0.001863 0.999998 -0.000248 -0.018471
-0.007756 0.000263 0.999970 0.006239
0.000000 0.000000 0.000000 1.000000

0.999952 0.000484 0.009758 -0.079456
-0.000480 1.000000 -0.000354 -0.016724
-0.009759 0.000349 0.999952 0.010740
0.000000 0.000000 0.000000 1.000000

0.999938 -0.000217 0.011136 -0.082739
0.000227 1.000000 -0.000912 0.001366
-0.011136 0.000914 0.999938 0.020723
0.000000 0.000000 0.000000 1.000000

0.999942 -0.003993 0.010003 -0.084011
0.003985 0.999992 0.000862 0.004314
-0.010006 -0.000822 0.999950 0.027420
0.000000 0.000000 0.000000 1.000000

0.999965 -0.005298 0.006440 -0.082709
0.005277 0.999981 0.003234 -0.004656
-0.006457 -0.003200 0.999974 0.010175
0.000000 0.000000 0.000000 1.000000

0.999991 -0.002458 0.003459 -0.071557
0.002450 0.999994 0.002402 -0.012449
-0.003465 -0.002393 0.999991 -0.003109
0.000000 0.000000 0.000000 1.000000

0.999996 -0.000317 0.002888 -0.046044
0.000314 1.000000 0.000877 -0.009195
-0.002889 -0.000876 0.999995 -0.004331
0.000000 0.000000 0.000000 1.000000

0.999997 -0.000229 0.002295 -0.022619
0.000228 1.000000 0.000383 -0.003321
-0.002295 -0.000383 0.999997 -0.004999
0.000000 0.000000 0.000000 1.000000

0.999995 -0.001433 0.002952 -0.027548
0.001437 0.999998 -0.001368 -0.007890
-0.002950 0.001372 0.999995 -0.001794
0.000000 0.000000 0.000000 1.000000

0.999986 -0.003050 0.004306 -0.043647
0.003079 0.999971 -0.006898 0.007003
-0.004285 0.006911 0.999967 0.006064
0.000000 0.000000 0.000000 1.000000

0.999987 -0.001903 0.004712 -0.053940
0.001944 0.999960 -0.008754 0.017936
-0.004695 0.008763 0.999951 -0.006196
0.000000 0.000000 0.000000 1.000000

0.999996 0.000630 0.002576 -0.037144
-0.000617 0.999987 -0.005097 -0.005365
-0.002580 0.005095 0.999984 -0.032331
0.000000 0.000000 0.000000 1.000000

1.000000 0.000251 -0.000264 -0.059276
-0.000253 0.999978 -0.006632 0.016622
0.000262 0.006632 0.999978 -0.024159
0.000000 0.000000 0.000000 1.000000

0.999989 0.003328 -0.003222 -0.059149
-0.003340 0.999987 -0.003911 0.049321
0.003209 0.003921 0.999987 -0.006521
0.000000 0.000000 0.000000 1.000000

0.999955 0.009391 -0.001601 -0.020147
-0.009380 0.999933 0.006810 0.020813
0.001665 -0.006795 0.999976 -0.014848
0.000000 0.000000 0.000000 1.000000

0.999879 0.014802 0.004807 -0.054175
-0.014844 0.999851 0.008755 0.008756
-0.004677 -0.008825 0.999950 -0.021131
0.000000 0.000000 0.000000 1.000000

0.999907 0.013152 0.003579 -0.046110
-0.013163 0.999909 0.003006 0.016310
-0.003539 -0.003053 0.999989 -0.019402
0.000000 0.000000 0.000000 1.000000

0.999986 0.005128 0.001086 -0.027952
-0.005127 0.999986 -0.000943 0.019326
-0.001091 0.000937 0.999999 -0.027332
0.000000 0.000000 0.000000 1.000000

1.000000 0.000428 -0.000065 -0.035574
-0.000428 1.000000 0.000389 0.029308
0.000065 -0.000389 1.000000 -0.030617
0.000000 0.000000 0.000000 1.000000

0.999996 -0.002571 -0.001378 -0.020304
0.002577 0.999985 0.004765 0.020595
0.001366 -0.004769 0.999988 -0.044223
0.000000 0.000000 0.000000 1.000000

0.999995 -0.003206 0.000042 -0.014817
0.003205 0.999977 0.005970 0.016660
-0.000061 -0.005969 0.999982 -0.042624
0.000000 0.000000 0.000000 1.000000

0.999984 -0.005616 -0.000205 -0.009119
0.005617 0.999978 0.003511 0.018788
0.000186 -0.003512 0.999994 -0.029581
0.000000 0.000000 0.000000 1.000000

0.999940 -0.010911 0.001044 -0.024744
0.010914 0.999938 -0.002420 0.032086
-0.001017 0.002432 0.999997 -0.063042
0.000000 0.000000 0.000000 1.000000

0.999973 -0.006772 0.002813 -0.020123
0.006798 0.999934 -0.009213 0.064114
-0.002751 0.009231 0.999954 -0.077276
0.000000 0.000000 0.000000 1.000000

0.999985 -0.001672 0.005124 -0.009724
0.001725 0.999946 -0.010292 0.065377
-0.005106 0.010300 0.999934 -0.067246
0.000000 0.000000 0.000000 1.000000

0.999967 -0.002656 0.007652 -0.024775
0.002722 0.999959 -0.008621 0.067072
-0.007628 0.008641 0.999934 -0.065204
0.000000 0.000000 0.000000 1.000000

0.999977 -0.002485 0.006288 -0.019518
0.002501 0.999994 -0.002544 0.075558
-0.006282 0.002560 0.999977 -0.051395
0.000000 0.000000 0.000000 1.000000

0.999972 -0.006833 0.003195 -0.000567
0.006818 0.999966 0.004710 0.074888
-0.003227 -0.004688 0.999984 -0.035165
0.000000 0.000000 0.000000 1.000000

0.999934 -0.011463 0.001235 -0.007373
0.011451 0.999891 0.009338 0.076395
-0.001342 -0.009324 0.999956 -0.041758
0.000000 0.000000 0.000000 1.000000

0.999979 -0.006544 -0.000347 -0.006224
0.006549 0.999871 0.014646 0.066099
0.000251 -0.014648 0.999893 -0.052078
0.000000 0.000000 0.000000 1.000000

0.999985 0.000238 0.005488 -0.006057
-0.000360 0.999753 0.022207 0.058921
-0.005482 -0.022208 0.999738 -0.076033
0.000000 0.000000 0.000000 1.000000

0.999951 0.002620 0.009532 -0.013816
-0.002760 0.999888 0.014716 0.043515
-0.009492 -0.014742 0.999846 -0.082658
0.000000 0.000000 0.000000 1.000000

0.999950 0.001459 0.009853 -0.023659
-0.001491 0.999993 0.003309 0.060098
-0.009848 -0.003323 0.999946 -0.090137
0.000000 0.000000 0.000000 1.000000

0.999966 -0.002617 0.007830 -0.048200
0.002581 0.999986 0.004558 0.054253
-0.007842 -0.004537 0.999959 -0.087318
0.000000 0.000000 0.000000 1.000000

0.999996 0.000448 0.002610 -0.035159
-0.000453 0.999998 0.002080 0.030610
-0.002609 -0.002081 0.999994 -0.068206
0.000000 0.000000 0.000000 1.000000

0.999986 0.004206 0.003324 0.002342
-0.004200 0.999990 -0.001740 0.033045
-0.003331 0.001726 0.999993 -0.062780
0.000000 0.000000 0.000000 1.000000

0.999970 0.003166 0.007046 0.001854
-0.003136 0.999986 -0.004174 0.031040
-0.007059 0.004151 0.999966 -0.037873
0.000000 0.000000 0.000000 1.000000

0.999871 -0.006056 0.014854 -0.036341
0.006067 0.999981 -0.000751 0.062162
-0.014850 0.000841 0.999889 -0.056387
0.000000 0.000000 0.000000 1.000000

0.999816 -0.013826 0.013279 -0.043266
0.013766 0.999895 0.004616 0.068140
-0.013341 -0.004432 0.999901 -0.058858
0.000000 0.000000 0.000000 1.000000

0.999892 -0.011771 0.008783 -0.036863
0.011708 0.999905 0.007215 0.049112
-0.008867 -0.007112 0.999935 -0.047005
0.000000 0.000000 0.000000 1.000000

0.999868 -0.011629 0.011344 -0.033250
0.011523 0.999889 0.009403 0.037601
-0.011452 -0.009272 0.999891 -0.053315
0.000000 0.000000 0.000000 1.000000

0.999865 -0.010019 0.013043 -0.026285
0.009906 0.999913 0.008676 0.041524
-0.013129 -0.008545 0.999877 -0.040963
0.000000 0.000000 0.000000 1.000000

0.999859 -0.005579 0.015867 -0.041077
0.005460 0.999957 0.007520 0.054608
-0.015908 -0.007432 0.999846 -0.035860
0.000000 0.000000 0.000000 1.000000

0.999843 -0.004587 0.017096 -0.052481
0.004433 0.999949 0.009058 0.056518
-0.017137 -0.008981 0.999813 -0.044767
0.000000 0.000000 0.000000 1.000000

0.999836 -0.006140 0.017043 -0.051101
0.005923 0.999901 0.012749 0.034517
-0.017120 -0.012646 0.999773 -0.059962
0.000000 0.000000 0.000000 1.000000

0.999417 -0.016337 0.029992 -0.067446
0.015856 0.999743 0.016202 0.058289
-0.030249 -0.015717 0.999419 -0.080681
0.000000 0.000000 0.000000 1.000000

0.999242 -0.020999 0.032766 -0.061170
0.020557 0.999694 0.013759 0.069469
-0.033045 -0.013075 0.999368 -0.057500
0.000000 0.000000 0.000000 1.000000

0.999597 -0.013911 0.024763 -0.060533
0.013694 0.999866 0.008924 0.042731
-0.024884 -0.008581 0.999654 -0.032791
0.000000 0.000000 0.000000 1.000000

0.999545 -0.012720 0.027350 -0.090651
0.012540 0.999898 0.006767 0.054797
-0.027434 -0.006421 0.999603 -0.048508
0.000000 0.000000 0.000000 1.000000

0.999485 -0.016875 0.027299 -0.095536
0.016671 0.999831 0.007685 0.067733
-0.027424 -0.007226 0.999598 -0.050031
0.000000 0.000000 0.000000 1.000000

0.999481 -0.020895 0.024514 -0.078525
0.020619 0.999722 0.011478 0.069133
-0.024747 -0.010967 0.999634 -0.045857
0.000000 0.000000 0.000000 1.000000

0.999478 -0.021381 0.024231 -0.069817
0.021048 0.999681 0.013931 0.060058
-0.024521 -0.013414 0.999609 -0.049626
0.000000 0.000000 0.000000 1.000000

0.999443 -0.019841 0.026843 -0.072570
0.019498 0.999726 0.012974 0.060482
-0.027093 -0.012443 0.999555 -0.042807
0.000000 0.000000 0.000000 1.000000

0.999491 -0.016179 0.027505 -0.072016
0.015867 0.999808 0.011524 0.064117
-0.027687 -0.011081 0.999555 -0.040887
0.000000 0.000000 0.000000 1.000000

0.999488 -0.016429 0.027473 -0.093206
0.016143 0.999813 0.010611 0.060823
-0.027643 -0.010162 0.999566 -0.031683
0.000000 0.000000 0.000000 1.000000

0.999527 -0.019700 0.023601 -0.113987
0.019485 0.999767 0.009289 0.064596
-0.023779 -0.008825 0.999678 -0.019977
0.000000 0.000000 0.000000 1.000000

0.999665 -0.020491 0.015791 -0.103746
0.020338 0.999745 0.009784 0.070833
-0.015988 -0.009459 0.999827 -0.021771
0.000000 0.000000 0.000000 1.000000

0.999768 -0.019459 0.009242 -0.077484
0.019337 0.999728 0.013039 0.060279
-0.009493 -0.012857 0.999872 -0.025117
0.000000 0.000000 0.000000 1.000000

0.999809 -0.017083 0.009484 -0.053415
0.016944 0.999750 0.014583 0.039790
-0.009730 -0.014420 0.999849 -0.023491
0.000000 0.000000 0.000000 1.000000

0.999726 -0.014410 0.018446 -0.058287
0.014193 0.999829 0.011845 0.034956
-0.018613 -0.011580 0.999760 -0.017755
0.000000 0.000000 0.000000 1.000000

0.999629 -0.010893 0.024944 -0.070028
0.010670 0.999902 0.009048 0.031427
-0.025040 -0.008778 0.999648 -0.003332
0.000000 0.000000 0.000000 1.000000

0.999689 -0.008470 0.023445 -0.080801
0.008317 0.999943 0.006628 0.028814
-0.023500 -0.006431 0.999703 0.005489
0.000000 0.000000 0.000000 1.000000

0.999888 -0.004809 0.014188 -0.085050
0.004741 0.999977 0.004785 0.027287
-0.014211 -0.004717 0.999888 -0.007443
0.000000 0.000000 0.000000 1.000000

0.999989 0.000314 0.004582 -0.059363
-0.000348 0.999973 0.007378 0.018499
-0.004580 -0.007379 0.999962 -0.015422
0.000000 0.000000 0.000000 1.000000

0.999989 0.001194 0.004620 -0.051294
-0.001235 0.999960 0.008856 0.011053
-0.004609 -0.008862 0.999950 -0.019242
0.000000 0.000000 0.000000 1.000000

0.999969 -0.000523 0.007897 -0.062728
0.000490 0.999991 0.004162 0.008242
-0.007899 -0.004158 0.999960 -0.013128
0.000000 0.000000 0.000000 1.000000

0.999972 0.000560 0.007424 -0.065315
-0.000574 0.999998 0.001804 0.012677
-0.007423 -0.001808 0.999971 -0.007274
0.000000 0.000000 0.000000 1.000000

0.999983 0.003548 0.004639 -0.071838
-0.003553 0.999993 0.001140 0.006686
-0.004635 -0.001156 0.999989 -0.005834
0.000000 0.000000 0.000000 1.000000

0.999990 0.004395 -0.000284 -0.071035
-0.004396 0.999988 -0.002008 0.030986
0.000275 0.002009 0.999998 -0.002816
0.000000 0.000000 0.000000 1.000000

0.999946 0.008715 -0.005696 -0.050158
-0.008694 0.999956 0.003656 0.041793
0.005728 -0.003607 0.999977 0.000291
0.000000 0.000000 0.000000 1.000000

0.999847 0.016630 -0.005398 -0.032227
-0.016568 0.999798 0.011339 -0.001055
0.005585 -0.011248 0.999921 0.019890
0.000000 0.000000 0.000000 1.000000

0.999889 0.014857 0.001134 -0.035646
-0.014862 0.999879 0.004569 0.005148
-0.001066 -0.004585 0.999989 0.025969
0.000000 0.000000 0.000000 1.000000

0.999941 0.009269 0.005730 -0.021261
-0.009268 0.999957 -0.000102 0.056632
-0.005731 0.000049 0.999984 0.034465
0.000000 0.000000 0.000000 1.000000

0.999927 0.008684 0.008346 -0.036238
-0.008747 0.999933 0.007552 0.041086
-0.008280 -0.007625 0.999937 0.060892
0.000000 0.000000 0.000000 1.000000

0.999971 0.003929 0.006582 -0.065994
-0.003997 0.999937 0.010459 -0.000641
-0.006540 -0.010485 0.999924 0.071313
0.000000 0.000000 0.000000 1.000000

0.999996 0.002420 0.001569 -0.060527
-0.002430 0.999977 0.006310 -0.014570
-0.001554 -0.006314 0.999979 0.050783
0.000000 0.000000 0.000000 1.000000

0.999956 0.009403 -0.000155 -0.051489
-0.009402 0.999950 0.003372 -0.018420
0.000187 -0.003370 0.999994 0.045262
0.000000 0.000000 0.000000 1.000000

0.999920 0.012606 -0.000665 -0.025631
-0.012606 0.999921 -0.000125 -0.014062
0.000664 0.000133 1.000000 0.062469
0.000000 0.000000 0.000000 1.000000

0.999992 0.002758 0.002811 -0.040715
-0.002750 0.999992 -0.003045 -0.019429
-0.002820 0.003037 0.999991 0.049087
0.000000 0.000000 0.000000 1.000000

0.999956 -0.008978 0.002781 -0.055089
0.008983 0.999958 -0.002054 -0.027676
-0.002763 0.002079 0.999994 0.053012
0.000000 0.000000 0.000000 1.000000

0.999956 -0.009157 -0.002050 -0.023128
0.009155 0.999958 -0.000941 -0.042207
0.002058 0.000922 0.999997 0.082053
0.000000 0.000000 0.000000 1.000000

0.999951 -0.009692 -0.001972 -0.009517
0.009685 0.999948 -0.003230 -0.051586
0.002003 0.003211 0.999993 0.077798
0.000000 0.000000 0.000000 1.000000

0.999927 -0.011977 0.001332 -0.000893
0.011986 0.999908 -0.006298 -0.033379
-0.001257 0.006313 0.999979 0.066432
0.000000 0.000000 0.000000 1.000000

0.999916 -0.011063 0.006762 -0.010748
0.011112 0.999913 -0.007160 -0.024344
-0.006682 0.007234 0.999952 0.081226
0.000000 0.000000 0.000000 1.000000

0.999922 -0.009176 0.008453 -0.040277
0.009235 0.999933 -0.006991 -0.024953
-0.008389 0.007069 0.999940 0.086992
0.000000 0.000000 0.000000 1.000000

0.999983 -0.004297 0.003955 -0.028127
0.004317 0.999978 -0.005084 -0.036478
-0.003933 0.005101 0.999979 0.080216
0.000000 0.000000 0.000000 1.000000

0.999996 0.001306 0.002353 -0.023986
-0.001301 0.999997 -0.002219 -0.041644
-0.002356 0.002216 0.999995 0.066785
0.000000 0.000000 0.000000 1.000000

0.999996 0.000607 0.002893 -0.031955
-0.000606 1.000000 -0.000355 -0.044943
-0.002893 0.000353 0.999996 0.066302
0.000000 0.000000 0.000000 1.000000

0.999996 -0.002817 -0.000068 -0.008368
0.002816 0.999971 -0.007065 -0.012434
0.000088 0.007065 0.999975 0.087506
0.000000 0.000000 0.000000 1.000000

0.999995 0.001958 -0.002353 -0.023320
-0.001979 0.999957 -0.009109 -0.008317
0.002335 0.009113 0.999956 0.080288
0.000000 0.000000 0.000000 1.000000

0.999972 0.007239 -0.002109 -0.044106
-0.007249 0.999962 -0.004798 -0.054405
0.002074 0.004813 0.999986 0.056988
0.000000 0.000000 0.000000 1.000000

0.999986 0.005295 -0.000330 -0.022016
-0.005297 0.999964 -0.006596 -0.048741
0.000295 0.006597 0.999978 0.041371
0.000000 0.000000 0.000000 1.000000

0.999983 0.005056 0.003017 -0.014454
-0.005027 0.999944 -0.009299 -0.023850
-0.003063 0.009284 0.999952 0.041646
0.000000 0.000000 0.000000 1.000000

0.999975 0.005765 0.004105 -0.029515
-0.005734 0.999956 -0.007420 -0.011652
-0.004147 0.007396 0.999964 0.037221
0.000000 0.000000 0.000000 1.000000

0.999992 0.002728 0.002763 -0.029958
-0.002728 0.999996 0.000109 -0.043015
-0.002763 -0.000117 0.999996 0.037926
0.000000 0.000000 0.000000 1.000000

0.999993 0.001546 0.003350 -0.033706
-0.001546 0.999999 0.000242 -0.037971
-0.003349 -0.000247 0.999994 0.055271
0.000000 0.000000 0.000000 1.000000

0.999992 0.002340 0.003395 -0.054867
-0.002331 0.999993 -0.002888 -0.006871
-0.003401 0.002880 0.999990 0.048920
0.000000 0.000000 0.000000 1.000000

0.999997 0.002298 0.000023 -0.055725
-0.002298 0.999996 -0.001377 0.000826
-0.000026 0.001377 0.999999 0.047564
0.000000 0.000000 0.000000 1.000000

0.999969 -0.006299 -0.004762 -0.053084
0.006306 0.999979 0.001403 0.009407
0.004753 -0.001433 0.999988 0.045911
0.000000 0.000000 0.000000 1.000000

0.999896 -0.012169 -0.007715 -0.032659
0.012246 0.999875 0.010047 -0.034159
0.007592 -0.010141 0.999920 0.031485
0.000000 0.000000 0.000000 1.000000

0.999996 -0.002429 0.001605 -0.017584
0.002411 0.999932 0.011408 -0.076607
-0.001633 -0.011404 0.999934 0.042446
0.000000 0.000000 0.000000 1.000000

0.999896 0.000481 0.014421 -0.045794
-0.000463 0.999999 -0.001250 -0.044227
-0.014421 0.001243 0.999895 0.042601
0.000000 0.000000 0.000000 1.000000

0.999879 -0.002123 0.015441 -0.059870
0.002218 0.999978 -0.006187 -0.013300
-0.015427 0.006221 0.999862 0.025427
0.000000 0.000000 0.000000 1.000000

0.999947 -0.000508 0.010235 -0.052275
0.000542 0.999994 -0.003352 -0.016498
-0.010233 0.003357 0.999942 0.031067
0.000000 0.000000 0.000000 1.000000

0.999969 -0.002650 0.007441 -0.072264
0.002665 0.999994 -0.002019 -0.021148
-0.007436 0.002039 0.999970 0.039461
0.000000 0.000000 0.000000 1.000000

0.999975 -0.003517 0.006141 -0.086500
0.003530 0.999991 -0.002261 0.000053
-0.006133 0.002283 0.999979 0.048058
0.000000 0.000000 0.000000 1.000000

0.999988 -0.001806 0.004511 -0.060226
0.001811 0.999998 -0.000975 0.005850
-0.004510 0.000983 0.999989 0.031881
0.000000 0.000000 0.000000 1.000000

0.999975 -0.004356 0.005534 -0.045075
0.004364 0.999989 -0.001433 -0.016074
-0.005527 0.001457 0.999984 0.020954
0.000000 0.000000 0.000000 1.000000

0.999924 -0.008309 0.009143 -0.060373
0.008326 0.999964 -0.001765 -0.024452
-0.009128 0.001841 0.999957 0.023216
0.000000 0.000000 0.000000 1.000000

0.999906 -0.008273 0.010923 -0.060159
0.008274 0.999966 -0.000030 -0.037332
-0.010923 0.000120 0.999940 0.016550
0.000000 0.000000 0.000000 1.000000

0.999870 -0.010799 0.011941 -0.061637
0.010823 0.999940 -0.001947 -0.032324
-0.011919 0.002076 0.999927 0.020506
0.000000 0.000000 0.000000 1.000000

0.999855 -0.014565 0.008792 -0.035355
0.014607 0.999882 -0.004738 -0.001563
-0.008722 0.004866 0.999950 0.044472
0.000000 0.000000 0.000000 1.000000

0.999784 -0.016592 0.012514 -0.064033
0.016629 0.999858 -0.002899 -0.027814
-0.012464 0.003107 0.999917 0.057295
0.000000 0.000000 0.000000 1.000000

0.999745 -0.014415 0.017411 -0.102756
0.014487 0.999887 -0.004018 -0.040062
-0.017351 0.004269 0.999840 0.031309
0.000000 0.000000 0.000000 1.000000

0.999839 -0.012233 0.013128 -0.076678
0.012311 0.999907 -0.005881 -0.011920
-0.013054 0.006041 0.999897 0.034009
0.000000 0.000000 0.000000 1.000000

0.999896 -0.011937 0.008099 -0.071567
0.011956 0.999926 -0.002278 -0.023037
-0.008071 0.002374 0.999965 0.037788
0.000000 0.000000 0.000000 1.000000

0.999951 -0.008789 0.004659 -0.072599
0.008796 0.999960 -0.001452 -0.031043
-0.004647 0.001493 0.999988 0.039835
0.000000 0.000000 0.000000 1.000000

0.999967 -0.006524 0.004851 -0.073636
0.006530 0.999978 -0.001085 -0.043193
-0.004844 0.001117 0.999988 0.029007
0.000000 0.000000 0.000000 1.000000

0.999951 -0.006432 0.007556 -0.072247
0.006444 0.999978 -0.001573 -0.051451
-0.007546 0.001621 0.999970 0.021519
0.000000 0.000000 0.000000 1.000000

0.999898 -0.007679 0.012069 -0.090219
0.007736 0.999959 -0.004735 -0.042925
-0.012032 0.004828 0.999916 0.033857
0.000000 0.000000 0.000000 1.000000

0.999938 -0.007197 0.008514 -0.071014
0.007219 0.999971 -0.002564 -0.068047
-0.008495 0.002625 0.999960 0.007007
0.000000 0.000000 0.000000 1.000000

0.999969 -0.006425 0.004481 -0.055792
0.006440 0.999974 -0.003271 -0.052779
-0.004460 0.003300 0.999985 0.001604
0.000000 0.000000 0.000000 1.000000

0.999952 -0.007393 0.006368 -0.082664
0.007435 0.999950 -0.006629 -0.033862
-0.006318 0.006676 0.999958 0.018427
0.000000 0.000000 0.000000 1.000000

0.999962 -0.007204 0.004843 -0.089432
0.007247 0.999934 -0.008914 -0.041394
-0.004778 0.008948 0.999949 0.025251
0.000000 0.000000 0.000000 1.000000

0.999971 -0.006529 0.003855 -0.114240
0.006595 0.999829 -0.017266 -0.055905
-0.003742 0.017291 0.999844 0.012247
0.000000 0.000000 0.000000 1.000000

0.999969 -0.004692 0.006274 -0.109494
0.004806 0.999823 -0.018196 -0.045343
-0.006187 0.018226 0.999815 -0.002063
0.000000 0.000000 0.000000 1.000000

0.999948 -0.004453 0.009220 -0.122878
0.004594 0.999872 -0.015354 -0.035162
-0.009151 0.015395 0.999840 0.007436
0.000000 0.000000 0.000000 1.000000

0.999967 -0.005161 0.006205 -0.131002
0.005240 0.999906 -0.012681 -0.043120
-0.006139 0.012713 0.999900 0.006286
0.000000 0.000000 0.000000 1.000000

0.999996 -0.000871 0.002800 -0.085974
0.000889 0.999980 -0.006296 -0.036163
-0.002794 0.006298 0.999976 -0.007820
0.000000 0.000000 0.000000 1.000000

0.999982 0.001876 0.005645 -0.072279
-0.001841 0.999979 -0.006235 -0.046752
-0.005656 0.006224 0.999965 -0.004918
0.000000 0.000000 0.000000 1.000000

0.999973 0.002303 0.006941 -0.073772
-0.002233 0.999947 -0.010041 -0.030769
-0.006964 0.010025 0.999925 0.001912
0.000000 0.000000 0.000000 1.000000

0.999972 0.002998 0.006866 -0.092597
-0.002926 0.999940 -0.010532 -0.030942
-0.006897 0.010512 0.999921 0.003921
0.000000 0.000000 0.000000 1.000000

0.999990 0.002246 0.003831 -0.082119
-0.002206 0.999944 -0.010385 -0.032275
-0.003854 0.010377 0.999939 0.004906
0.000000 0.000000 0.000000 1.000000

0.999996 -0.002738 0.000863 -0.093128
0.002748 0.999918 -0.012539 -0.050393
-0.000829 0.012542 0.999921 0.001130
0.000000 0.000000 0.000000 1.000000

0.999985 -0.005364 -0.000765 -0.079870
0.005355 0.999920 -0.011465 -0.055173
0.000827 0.011460 0.999934 -0.010516
0.000000 0.000000 0.000000 1.000000

0.999980 -0.006158 0.001345 -0.073289
0.006180 0.999828 -0.017468 -0.043660
-0.001237 0.017476 0.999847 -0.025436
0.000000 0.000000 0.000000 1.000000

0.999976 -0.006524 0.002337 -0.083540
0.006568 0.999792 -0.019315 -0.045685
-0.002210 0.019329 0.999811 -0.011871
0.000000 0.000000 0.000000 1.000000

0.999954 -0.006987 -0.006556 -0.086497
0.006859 0.999789 -0.019386 -0.052016
0.006690 0.019340 0.999791 -0.022516
0.000000 0.000000 0.000000 1.000000

0.999916 -0.008941 -0.009416 -0.084379
0.008754 0.999766 -0.019806 -0.048211
0.009591 0.019722 0.999759 -0.030140
0.000000 0.000000 0.000000 1.000000

0.999957 -0.003516 -0.008599 -0.073211
0.003363 0.999837 -0.017728 -0.047772
0.008660 0.017698 0.999806 -0.045679
0.000000 0.000000 0.000000 1.000000

0.999977 0.001525 -0.006668 -0.073079
-0.001635 0.999863 -0.016472 -0.055950
0.006642 0.016482 0.999842 -0.059855
0.000000 0.000000 0.000000 1.000000

0.999997 0.000257 -0.002489 -0.052071
-0.000290 0.999911 -0.013352 -0.031788
0.002485 0.013353 0.999908 -0.028484
0.000000 0.000000 0.000000 1.000000

0.999993 0.001779 -0.003337 -0.056496
-0.001828 0.999891 -0.014675 -0.020332
0.003311 0.014681 0.999887 -0.031528
0.000000 0.000000 0.000000 1.000000

0.999969 0.006353 -0.004712 -0.059933
-0.006428 0.999850 -0.016068 -0.020606
0.004609 0.016098 0.999860 -0.046988
0.000000 0.000000 0.000000 1.000000

0.999904 0.012464 -0.006060 -0.100143
-0.012635 0.999502 -0.028920 -0.041989
0.005697 0.028994 0.999563 -0.083732
0.000000 0.000000 0.000000 1.000000

0.999927 0.010277 -0.006410 -0.095069
-0.010455 0.999541 -0.028450 -0.052486
0.006114 0.028514 0.999575 -0.107609
0.000000 0.000000 0.000000 1.000000

0.999983 0.000454 -0.005851 -0.081952
-0.000600 0.999689 -0.024950 -0.027610
0.005838 0.024953 0.999672 -0.127481
0.000000 0.000000 0.000000 1.000000

0.999992 -0.000566 -0.004009 -0.057171
0.000471 0.999720 -0.023674 0.007552
0.004021 0.023672 0.999712 -0.122089
0.000000 0.000000 0.000000 1.000000

0.999999 -0.000186 0.001191 -0.028578
0.000201 0.999924 -0.012327 0.015769
-0.001188 0.012327 0.999923 -0.080360
0.000000 0.000000 0.000000 1.000000

0.999998 -0.001118 0.001468 -0.038562
0.001131 0.999956 -0.009289 0.010830
-0.001458 0.009291 0.999956 -0.089128
0.000000 0.000000 0.000000 1.000000

0.999997 -0.002349 -0.000204 -0.044116
0.002348 0.999980 -0.005919 0.027317
0.000218 0.005918 0.999982 -0.094270
0.000000 0.000000 0.000000 1.000000

0.999965 -0.007584 -0.003535 -0.108627
0.007566 0.999958 -0.005183 0.040076
0.003574 0.005156 0.999980 -0.092877
0.000000 0.000000 0.000000 1.000000

0.999945 -0.004536 -0.009473 -0.079129
0.004482 0.999974 -0.005699 0.042628
0.009499 0.005656 0.999939 -0.076762
0.000000 0.000000 0.000000 1.000000

0.999981 0.000739 -0.006059 -0.022933
-0.000764 0.999991 -0.004114 0.021462
0.006056 0.004119 0.999973 -0.058297
0.000000 0.000000 0.000000 1.000000

0.999989 -0.004493 0.000914 -0.053932
0.004498 0.999974 -0.005615 0.021463
-0.000889 0.005619 0.999984 -0.061968
0.000000 0.000000 0.000000 1.000000

0.999941 -0.010785 0.001444 -0.061988
0.010790 0.999936 -0.003348 0.048284
-0.001408 0.003363 0.999993 -0.054725
0.000000 0.000000 0.000000 1.000000

0.999904 -0.013863 0.000202 -0.059287
0.013862 0.999902 0.002122 0.059966
-0.000232 -0.002119 0.999998 -0.031608
0.000000 0.000000 0.000000 1.000000

0.999929 -0.011732 -0.001929 -0.064380
0.011742 0.999917 0.005292 0.054539
0.001867 -0.005314 0.999984 -0.023415
0.000000 0.000000 0.000000 1.000000

0.999992 -0.000184 -0.004054 -0.066599
0.000218 0.999966 0.008238 0.035595
0.004052 -0.008238 0.999958 -0.027422
0.000000 0.000000 0.000000 1.000000

0.999950 0.009830 -0.001582 -0.050607
-0.009816 0.999912 0.008921 0.007118
0.001670 -0.008905 0.999959 -0.028547
0.000000 0.000000 0.000000 1.000000

0.999956 0.008752 0.003295 -0.033564
-0.008765 0.999954 0.003813 0.011749
-0.003261 -0.003841 0.999987 -0.038063
0.000000 0.000000 0.000000 1.000000

0.999967 0.003127 0.007527 -0.048725
-0.003130 0.999995 0.000421 0.038393
-0.007526 -0.000444 0.999972 -0.034826
0.000000 0.000000 0.000000 1.000000

0.999968 -0.001993 0.007745 -0.073970
0.001976 0.999996 0.002247 0.041210
-0.007750 -0.002232 0.999967 -0.022130
0.000000 0.000000 0.000000 1.000000

0.999991 -0.001833 0.003737 -0.074389
0.001819 0.999991 0.003790 0.035036
-0.003744 -0.003783 0.999986 -0.023713
0.000000 0.000000 0.000000 1.000000

0.999976 0.006210 0.002904 -0.082420
-0.006234 0.999948 0.008087 0.017003
-0.002853 -0.008105 0.999963 -0.056309
0.000000 0.000000 0.000000 1.000000

0.999956 0.006829 0.006492 -0.082071
-0.006862 0.999963 0.005125 0.006392
-0.006457 -0.005169 0.999966 -0.057131
0.000000 0.000000 0.000000 1.000000

0.999947 0.001541 0.010219 -0.101175
-0.001505 0.999993 -0.003477 0.024725
-0.010224 0.003461 0.999942 -0.048924
0.000000 0.000000 0.000000 1.000000

0.999975 -0.001075 0.007007 -0.076372
0.001086 0.999998 -0.001551 0.019994
-0.007006 0.001558 0.999974 -0.057749
0.000000 0.000000 0.000000 1.000000

0.999991 -0.001846 0.003740 -0.021051
0.001834 0.999993 0.003243 0.001047
-0.003746 -0.003236 0.999988 -0.041400
0.000000 0.000000 0.000000 1.000000

0.999944 -0.002631 0.010271 -0.046601
0.002590 0.999989 0.003983 0.010489
-0.010282 -0.003956 0.999939 -0.029753
0.000000 0.000000 0.000000 1.000000

0.999850 -0.008105 0.015277 -0.064287
0.008053 0.999961 0.003487 0.024450
-0.015304 -0.003363 0.999877 -0.020162
0.000000 0.000000 0.000000 1.000000

0.999837 -0.009435 0.015375 -0.071114
0.009347 0.999940 0.005790 0.030435
-0.015428 -0.005645 0.999865 -0.019538
0.000000 0.000000 0.000000 1.000000

0.999847 -0.008160 0.015446 -0.066628
0.008003 0.999916 0.010188 0.027079
-0.015527 -0.010063 0.999829 -0.022013
0.000000 0.000000 0.000000 1.000000

0.999742 -0.013062 0.018606 -0.055540
0.012875 0.999866 0.010135 0.029930
-0.018736 -0.009893 0.999776 -0.015384
0.000000 0.000000 0.000000 1.000000

0.998940 -0.034132 0.030875 -0.118672
0.033768 0.999355 0.012218 0.061310
-0.031272 -0.011162 0.999449 -0.000275
0.000000 0.000000 0.000000 1.000000

0.998837 -0.039386 0.027792 -0.132696
0.038965 0.999120 0.015524 0.048997
-0.028379 -0.014423 0.999493 0.005137
0.000000 0.000000 0.000000 1.000000

0.999488 -0.027856 0.015764 -0.079558
0.027631 0.999516 0.014319 0.011033
-0.016155 -0.013876 0.999773 -0.001014
0.000000 0.000000 0.000000 1.000000

0.999494 -0.026387 0.017744 -0.085073
0.026189 0.999593 0.011321 0.018389
-0.018036 -0.010850 0.999778 0.009612
0.000000 0.000000 0.000000 1.000000

0.999684 -0.018273 0.017268 -0.081620
0.018116 0.999794 0.009196 0.015564
-0.017432 -0.008881 0.999809 0.007026
0.000000 0.000000 0.000000 1.000000

0.999814 -0.009483 0.016807 -0.083717
0.009354 0.999926 0.007729 0.007308
-0.016879 -0.007570 0.999829 0.008022
0.000000 0.000000 0.000000 1.000000

0.999822 -0.009362 0.016376 -0.094763
0.009299 0.999949 0.003947 0.012456
-0.016412 -0.003794 0.999858 0.009300
0.000000 0.000000 0.000000 1.000000

0.999852 -0.011851 0.012446 -0.103571
0.011824 0.999928 0.002208 0.034000
-0.012472 -0.002060 0.999920 -0.013998
0.000000 0.000000 0.000000 1.000000

0.999800 -0.016096 0.011851 -0.152834
0.015982 0.999826 0.009602 0.029843
-0.012004 -0.009411 0.999884 -0.001016
0.000000 0.000000 0.000000 1.000000

0.999815 -0.015705 0.011114 -0.143124
0.015575 0.999810 0.011688 0.005924
-0.011296 -0.011512 0.999870 0.012049
0.000000 0.000000 0.000000 1.000000

0.999900 -0.011502 0.008261 -0.090705
0.011453 0.999917 0.005949 0.000223
-0.008328 -0.005854 0.999948 0.011396
0.000000 0.000000 0.000000 1.000000

0.999936 -0.008437 0.007570 -0.073437
0.008396 0.999950 0.005406 -0.018138
-0.007615 -0.005342 0.999957 0.011319
0.000000 0.000000 0.000000 1.000000

0.999950 -0.004781 0.008826 -0.062220
0.004744 0.999980 0.004185 -0.025724
-0.008846 -0.004143 0.999952 -0.012924
0.000000 0.000000 0.000000 1.000000

0.999920 -0.005856 0.011197 -0.077858
0.005839 0.999982 0.001491 -0.005760
-0.011206 -0.001426 0.999936 -0.016872
0.000000 0.000000 0.000000 1.000000

0.999938 -0.006251 0.009214 -0.071108
0.006247 0.999980 0.000521 0.003950
-0.009217 -0.000463 0.999957 -0.010189
0.000000 0.000000 0.000000 1.000000

0.999961 -0.003584 0.008090 -0.049848
0.003575 0.999993 0.001088 0.000196
-0.008094 -0.001059 0.999967 -0.005939
0.000000 0.000000 0.000000 1.000000

0.999930 -0.004156 0.011093 -0.041243
0.004120 0.999986 0.003210 -0.007613
-0.011106 -0.003164 0.999933 -0.004463
0.000000 0.000000 0.000000 1.000000

0.999884 -0.007362 0.013352 -0.043220
0.007329 0.999970 0.002490 -0.000636
-0.013370 -0.002392 0.999908 -0.001406
0.000000 0.000000 0.000000 1.000000

0.999903 -0.003837 0.013383 -0.058173
0.003808 0.999990 0.002205 0.005050
-0.013391 -0.002154 0.999908 -0.005099
0.000000 0.000000 0.000000 1.000000

0.999949 0.001178 0.010057 -0.049337
-0.001211 0.999994 0.003291 0.006316
-0.010053 -0.003303 0.999944 -0.018553
0.000000 0.000000 0.000000 1.000000

0.999965 0.004452 0.007055 -0.040993
-0.004468 0.999987 0.002286 0.018191
-0.007045 -0.002317 0.999973 -0.007706
0.000000 0.000000 0.000000 1.000000

0.999933 0.009433 0.006742 -0.055939
-0.009457 0.999949 0.003576 0.022312
-0.006708 -0.003639 0.999971 -0.007983
0.000000 0.000000 0.000000 1.000000

0.999943 0.008803 0.006026 -0.051028
-0.008833 0.999949 0.004980 0.026940
-0.005982 -0.005033 0.999969 -0.014356
0.000000 0.000000 0.000000 1.000000

0.999973 0.005539 0.004837 -0.034729
-0.005571 0.999963 0.006498 0.030639
-0.004801 -0.006525 0.999967 -0.009751
0.000000 0.000000 0.000000 1.000000

0.999991 0.001420 0.004091 -0.039277
-0.001462 0.999946 0.010263 0.035179
-0.004076 -0.010269 0.999939 -0.022886
0.000000 0.000000 0.000000 1.000000

0.999995 -0.001622 0.002642 -0.045558
0.001586 0.999906 0.013614 0.034112
-0.002664 -0.013609 0.999904 -0.029987
0.000000 0.000000 0.000000 1.000000

0.999998 0.000337 0.002011 -0.043541
-0.000364 0.999904 0.013818 0.033773
-0.002006 -0.013819 0.999903 -0.024918
0.000000 0.000000 0.000000 1.000000

0.999997 0.000412 0.002345 -0.041098
-0.000443 0.999915 0.013023 0.043187
-0.002340 -0.013024 0.999912 -0.030109
0.000000 0.000000 0.000000 1.000000

0.999997 -0.001086 0.002003 -0.052842
0.001056 0.999894 0.014509 0.035534
-0.002018 -0.014507 0.999893 -0.036176
0.000000 0.000000 0.000000 1.000000

0.999999 0.000058 -0.001450 -0.061585
-0.000036 0.999890 0.014852 0.030352
0.001451 -0.014852 0.999889 -0.022390
0.000000 0.000000 0.000000 1.000000

0.999975 0.002244 -0.006679 -0.044242
-0.002136 0.999866 0.016216 0.028246
0.006714 -0.016201 0.999846 -0.026282
0.000000 0.000000 0.000000 1.000000

0.999975 0.002355 -0.006710 -0.029114
-0.002254 0.999884 0.015091 0.033363
0.006745 -0.015076 0.999864 -0.038317
0.000000 0.000000 0.000000 1.000000

0.999995 -0.001654 -0.002798 -0.032474
0.001688 0.999923 0.012275 0.047746
0.002778 -0.012280 0.999921 -0.043519
0.000000 0.000000 0.000000 1.000000

0.999978 -0.005706 -0.003288 -0.021326
0.005755 0.999869 0.015096 0.031327
0.003202 -0.015114 0.999881 -0.048992
0.000000 0.000000 0.000000 1.000000

0.999963 -0.006884 -0.005235 -0.009412
0.006950 0.999895 0.012752 0.041029
0.005147 -0.012788 0.999905 -0.036565
0.000000 0.000000 0.000000 1.000000

0.999977 -0.006039 -0.003200 -0.015739
0.006071 0.999931 0.010022 0.076128
0.003139 -0.010042 0.999945 -0.031980
0.000000 0.000000 0.000000 1.000000

0.999970 -0.007638 -0.001014 -0.015310
0.007653 0.999847 0.015715 0.092155
0.000894 -0.015723 0.999876 -0.044838
0.000000 0.000000 0.000000 1.000000

0.999885 -0.015125 -0.000575 -0.039404
0.015135 0.999572 0.025020 0.117475
0.000196 -0.025025 0.999687 -0.042220
0.000000 0.000000 0.000000 1.000000

0.999844 -0.016821 -0.005427 -0.047007
0.017020 0.999095 0.038968 0.095137
0.004766 -0.039054 0.999226 -0.021481
0.000000 0.000000 0.000000 1.000000

0.999939 -0.006835 -0.008703 -0.030463
0.007219 0.998966 0.044891 0.054255
0.008387 -0.044951 0.998954 -0.026771
0.000000 0.000000 0.000000 1.000000

0.999970 0.007367 -0.002421 -0.032324
-0.007270 0.999249 0.038064 0.038818
0.002700 -0.038045 0.999272 -0.039212
0.000000 0.000000 0.000000 1.000000

0.999808 0.017880 0.008039 -0.029813
-0.018101 0.999439 0.028191 -0.000500
-0.007530 -0.028331 0.999570 -0.053842
0.000000 0.000000 0.000000 1.000000

0.999660 0.020437 0.016180 -0.037590
-0.020679 0.999674 0.014971 0.010898
-0.015869 -0.015300 0.999757 -0.058587
0.000000 0.000000 0.000000 1.000000

0.999736 0.015887 0.016621 -0.051364
-0.016024 0.999838 0.008173 0.055177
-0.016488 -0.008437 0.999828 -0.054627
0.000000 0.000000 0.000000 1.000000

0.999878 0.012209 0.009779 -0.037526
-0.012319 0.999861 0.011276 0.063780
-0.009640 -0.011395 0.999889 -0.074972
0.000000 0.000000 0.000000 1.000000

0.999932 0.010868 0.004184 -0.042882
-0.010936 0.999802 0.016600 0.054469
-0.004003 -0.016645 0.999853 -0.080429
0.000000 0.000000 0.000000 1.000000

0.999980 0.006382 0.000508 -0.054134
-0.006391 0.999735 0.022099 0.037485
-0.000366 -0.022102 0.999756 -0.073260
0.000000 0.000000 0.000000 1.000000

0.999975 0.007037 0.000105 -0.048852
-0.007037 0.999686 0.024067 0.008383
0.000064 -0.024068 0.999710 -0.057376
0.000000 0.000000 0.000000 1.000000

0.999936 0.010343 0.004492 -0.038122
-0.010423 0.999780 0.018186 -0.001962
-0.004303 -0.018231 0.999825 -0.048257
0.000000 0.000000 0.000000 1.000000

0.999895 0.009310 0.011115 -0.033916
-0.009428 0.999900 0.010564 0.015973
-0.011015 -0.010668 0.999882 -0.047052
0.000000 0.000000 0.000000 1.000000

0.999879 0.003621 0.015098 -0.059151
-0.003724 0.999970 0.006796 0.039279
-0.015073 -0.006852 0.999863 -0.043326
0.000000 0.000000 0.000000 1.000000

0.999936 -0.003589 0.010709 -0.074270
0.003492 0.999953 0.009068 0.049064
-0.010741 -0.009030 0.999902 -0.040272
0.000000 0.000000 0.000000 1.000000

0.999983 -0.004046 0.004214 -0.073637
0.003986 0.999891 0.014184 0.036215
-0.004271 -0.014167 0.999891 -0.038629
0.000000 0.000000 0.000000 1.000000

0.999992 -0.002928 0.002564 -0.067255
0.002887 0.999867 0.016047 0.013247
-0.002610 -0.016039 0.999868 -0.031824
0.000000 0.000000 0.000000 1.000000

0.999968 -0.004260 0.006794 -0.067560
0.004165 0.999894 0.013931 0.005878
-0.006852 -0.013903 0.999880 -0.031292
0.000000 0.000000 0.000000 1.000000

0.999933 -0.004755 0.010560 -0.059669
0.004638 0.999928 0.011067 0.017219
-0.010612 -0.011018 0.999883 -0.046870
0.000000 0.000000 0.000000 1.000000

0.999900 -0.003283 0.013760 -0.066156
0.003162 0.999957 0.008774 0.016486
-0.013788 -0.008730 0.999867 -0.039942
0.000000 0.000000 0.000000 1.000000

0.999848 -0.003119 0.017166 -0.084566
0.002998 0.999971 0.007065 0.023231
-0.017188 -0.007013 0.999828 -0.027799
0.000000 0.000000 0.000000 1.000000

0.999831 -0.004880 0.017699 -0.091904
0.004740 0.999957 0.007925 0.025097
-0.017737 -0.007840 0.999812 -0.019225
0.000000 0.000000 0.000000 1.000000

0.999836 -0.005960 0.017075 -0.095385
0.005818 0.999948 0.008335 0.013907
-0.017124 -0.008234 0.999819 -0.010866
0.000000 0.000000 0.000000 1.000000

0.999821 -0.008325 0.016998 -0.082865
0.008226 0.999949 0.005871 0.017489
-0.017046 -0.005730 0.999838 -0.007888
0.000000 0.000000 0.000000 1.000000

0.999770 -0.010014 0.018968 -0.070504
0.009925 0.999939 0.004792 0.000003
-0.019015 -0.004603 0.999809 -0.004094
0.000000 0.000000 0.000000 1.000000

0.999672 -0.011341 0.022977 -0.086027
0.011297 0.999934 0.002042 -0.004184
-0.022998 -0.001782 0.999734 -0.002004
0.000000 0.000000 0.000000 1.000000

0.999538 -0.017127 0.025112 -0.109006
0.017200 0.999848 -0.002703 0.025867
-0.025062 0.003133 0.999681 0.004079
0.000000 0.000000 0.000000 1.000000

0.999487 -0.021431 0.023805 -0.110339
0.021488 0.999767 -0.002167 0.016756
-0.023753 0.002677 0.999714 0.011337
0.000000 0.000000 0.000000 1.000000

0.999542 -0.020513 0.022263 -0.111888
0.020547 0.999788 -0.001287 0.006317
-0.022232 0.001744 0.999751 0.009276
0.000000 0.000000 0.000000 1.000000

0.999597 -0.018747 0.021320 -0.116230
0.018782 0.999823 -0.001408 0.010510
-0.021290 0.001808 0.999772 0.010287
0.000000 0.000000 0.000000 1.000000

0.999690 -0.014516 0.020234 -0.126242
0.014557 0.999892 -0.001886 -0.001196
-0.020204 0.002180 0.999793 0.019350
0.000000 0.000000 0.000000 1.000000

0.999805 -0.008177 0.018002 -0.126312
0.008244 0.999959 -0.003677 -0.021346
-0.017971 0.003824 0.999831 0.020297
0.000000 0.000000 0.000000 1.000000

0.999857 -0.004954 0.016159 -0.113551
0.005080 0.999957 -0.007813 -0.023578
-0.016120 0.007894 0.999839 0.013186
0.000000 0.000000 0.000000 1.000000

0.999859 -0.006174 0.015607 -0.121034
0.006335 0.999927 -0.010312 -0.014124
-0.015542 0.010409 0.999825 0.007208
0.000000 0.000000 0.000000 1.000000

0.999890 -0.008456 0.012196 -0.117201
0.008564 0.999924 -0.008833 -0.028596
-0.012120 0.008937 0.999887 0.019247
0.000000 0.000000 0.000000 1.000000

0.999932 -0.008583 0.007957 -0.110501
0.008655 0.999922 -0.009018 -0.037018
-0.007878 0.009086 0.999928 0.022473
0.000000 0.000000 0.000000 1.000000

0.999960 -0.004144 0.007892 -0.119234
0.004227 0.999935 -0.010587 -0.040459
-0.007848 0.010620 0.999913 0.009969
0.000000 0.000000 0.000000 1.000000

0.999958 0.000905 0.009126 -0.113969
-0.000788 0.999917 -0.012857 -0.051635
-0.009137 0.012849 0.999876 0.006821
0.000000 0.000000 0.000000 1.000000

0.999962 0.000963 0.008612 -0.101700
-0.000811 0.999843 -0.017728 -0.033252
-0.008627 0.017720 0.999806 -0.005575
0.000000 0.000000 0.000000 1.000000

0.999971 0.002562 0.007241 -0.107203
-0.002436 0.999848 -0.017277 -0.019149
-0.007284 0.017259 0.999825 -0.015758
0.000000 0.000000 0.000000 1.000000

0.999975 0.003192 0.006344 -0.112153
-0.003106 0.999903 -0.013574 -0.022761
-0.006387 0.013554 0.999888 0.001975
0.000000 0.000000 0.000000 1.000000

0.999982 -0.003149 0.005111 -0.088361
0.003213 0.999916 -0.012556 -0.017717
-0.005071 0.012572 0.999908 0.000751
0.000000 0.000000 0.000000 1.000000

0.999971 -0.005725 0.004928 -0.074084
0.005767 0.999947 -0.008540 -0.025519
-0.004879 0.008568 0.999951 -0.008935
0.000000 0.000000 0.000000 1.000000

0.999982 -0.000603 0.006024 -0.073819
0.000639 0.999982 -0.005918 -0.042141
-0.006021 0.005922 0.999964 -0.004664
0.000000 0.000000 0.000000 1.000000

0.999980 0.004050 0.004800 -0.051844
-0.004010 0.999957 -0.008346 -0.025005
-0.004834 0.008327 0.999954 -0.005595
0.000000 0.000000 0.000000 1.000000

0.999968 0.006039 0.005177 -0.051138
-0.005997 0.999948 -0.008217 -0.012507
-0.005227 0.008186 0.999953 -0.001439
0.000000 0.000000 0.000000 1.000000

0.999972 0.004963 0.005648 -0.067819
-0.004917 0.999955 -0.008113 -0.001435
-0.005688 0.008085 0.999951 -0.008966
0.000000 0.000000 0.000000 1.000000

0.999994 0.000461 0.003316 -0.065998
-0.000440 0.999981 -0.006219 0.024549
-0.003318 0.006217 0.999975 -0.021632
0.000000 0.000000 0.000000 1.000000

0.999992 -0.003004 0.002477 -0.065342
0.003001 0.999995 0.001226 0.011346
-0.002480 -0.001219 0.999996 -0.011926
0.000000 0.000000 0.000000 1.000000

0.999996 -0.002546 0.001164 -0.053737
0.002542 0.999992 0.003246 -0.011554
-0.001172 -0.003243 0.999994 -0.001390
0.000000 0.000000 0.000000 1.000000

0.999995 0.002145 0.002256 -0.058985
-0.002145 0.999998 0.000142 -0.015769
-0.002255 -0.000147 0.999997 -0.005438
0.000000 0.000000 0.000000 1.000000

0.999986 0.004270 0.003208 -0.077921
-0.004259 0.999985 -0.003486 -0.008910
-0.003223 0.003472 0.999989 -0.012885
0.000000 0.000000 0.000000 1.000000

0.999994 0.002910 -0.001967 -0.068413
-0.002920 0.999984 -0.004900 0.002194
0.001953 0.004906 0.999986 -0.020435
0.000000 0.000000 0.000000 1.000000

0.999979 0.000248 -0.006516 -0.042849
-0.000263 0.999997 -0.002390 0.004058
0.006516 0.002392 0.999976 -0.022926
0.000000 0.000000 0.000000 1.000000

0.999984 -0.004207 -0.003669 -0.042826
0.004204 0.999991 -0.000735 -0.000352
0.003672 0.000719 0.999993 -0.017021
0.000000 0.000000 0.000000 1.000000

0.999990 -0.004510 0.000032 -0.053474
0.004510 0.999989 -0.001375 -0.017982
-0.000025 0.001375 0.999999 -0.020136
0.000000 0.000000 0.000000 1.000000

0.999994 -0.002660 0.002053 -0.052223
0.002669 0.999987 -0.004422 -0.021585
-0.002042 0.004428 0.999988 -0.035882
0.000000 0.000000 0.000000 1.000000

0.999984 -0.003609 0.004336 -0.062891
0.003645 0.999959 -0.008274 0.009803
-0.004306 0.008290 0.999956 -0.051954
0.000000 0.000000 0.000000 1.000000

0.999981 -0.006226 0.000255 -0.070233
0.006228 0.999949 -0.007983 0.030686
-0.000205 0.007985 0.999968 -0.054469
0.000000 0.000000 0.000000 1.000000

0.999934 -0.009198 -0.006935 -0.061604
0.009171 0.999950 -0.003907 0.032161
0.006970 0.003844 0.999968 -0.044955
0.000000 0.000000 0.000000 1.000000

0.999881 -0.011230 -0.010534 -0.052026
0.011234 0.999937 0.000327 0.020454
0.010529 -0.000445 0.999944 -0.058799
0.000000 0.000000 0.000000 1.000000

0.999906 -0.010164 -0.009210 -0.053623
0.010180 0.999947 0.001628 0.009911
0.009193 -0.001722 0.999956 -0.067658
0.000000 0.000000 0.000000 1.000000

0.999968 -0.004835 -0.006311 -0.046630
0.004842 0.999988 0.001107 -0.002611
0.006306 -0.001138 0.999979 -0.054567
0.000000 0.000000 0.000000 1.000000

0.999999 0.000612 -0.001540 -0.034550
-0.000617 0.999994 -0.003288 -0.001188
0.001538 0.003289 0.999993 -0.054621
0.000000 0.000000 0.000000 1.000000

0.999989 0.000688 0.004633 -0.046405
-0.000653 0.999972 -0.007519 0.025735
-0.004638 0.007516 0.999961 -0.059747
0.000000 0.000000 0.000000 1.000000

0.999988 -0.000759 0.004890 -0.047085
0.000776 0.999994 -0.003482 0.016826
-0.004888 0.003485 0.999982 -0.039310
0.000000 0.000000 0.000000 1.000000

0.999994 -0.003302 0.001163 -0.065002
0.003299 0.999992 0.002472 0.016116
-0.001172 -0.002469 0.999996 -0.033996
0.000000 0.000000 0.000000 1.000000

0.999967 -0.007044 -0.003954 -0.083503
0.007072 0.999950 0.007032 0.016665
0.003904 -0.007060 0.999967 -0.050706
0.000000 0.000000 0.000000 1.000000

0.999950 -0.003803 -0.009298 -0.049751
0.003857 0.999976 0.005823 -0.009075
0.009276 -0.005858 0.999940 -0.043152
0.000000 0.000000 0.000000 1.000000

0.999947 0.005906 -0.008418 -0.034786
-0.005905 0.999983 0.000041 -0.024308
0.008418 0.000009 0.999965 -0.032371
0.000000 0.000000 0.000000 1.000000

0.999945 0.010360 -0.001354 -0.036326
-0.010369 0.999918 -0.007489 -0.038877
0.001277 0.007503 0.999971 -0.037990
0.000000 0.000000 0.000000 1.000000

0.999973 0.005330 0.005138 -0.038749
-0.005236 0.999821 -0.018203 -0.019894
-0.005234 0.018176 0.999821 -0.052573
0.000000 0.000000 0.000000 1.000000

0.999978 -0.000018 0.006615 -0.055858
0.000151 0.999800 -0.019999 0.005454
-0.006613 0.019999 0.999778 -0.055015
0.000000 0.000000 0.000000 1.000000

0.999975 -0.005890 0.003801 -0.068006
0.005942 0.999884 -0.014020 0.005540
-0.003718 0.014042 0.999894 -0.051963
0.000000 0.000000 0.000000 1.000000

0.999937 -0.011208 -0.000910 -0.064714
0.011200 0.999901 -0.008493 -0.007136
0.001005 0.008482 0.999964 -0.052311
0.000000 0.000000 0.000000 1.000000

0.999940 -0.009563 -0.005328 -0.042230
0.009536 0.999941 -0.005194 -0.011401
0.005377 0.005143 0.999972 -0.044403
0.000000 0.000000 0.000000 1.000000

0.999992 -0.002792 -0.002807 -0.023819
0.002780 0.999987 -0.004197 -0.021853
0.002819 0.004189 0.999987 -0.034024
0.000000 0.000000 0.000000 1.000000

0.999980 0.002570 0.005829 -0.032281
-0.002535 0.999979 -0.006015 -0.026167
-0.005844 0.006000 0.999965 -0.028106
0.000000 0.000000 0.000000 1.000000

0.999912 0.002275 0.013102 -0.040653
-0.002186 0.999975 -0.006793 -0.007170
-0.013117 0.006764 0.999891 -0.034797
0.000000 0.000000 0.000000 1.000000

0.999812 -0.002826 0.019199 -0.048313
0.002868 0.999994 -0.002179 -0.017295
-0.019193 0.002234 0.999813 -0.025044
0.000000 0.000000 0.000000 1.000000

0.999723 -0.009204 0.021654 -0.064341
0.009234 0.999957 -0.001250 -0.018514
-0.021641 0.001450 0.999765 -0.014386
0.000000 0.000000 0.000000 1.000000

0.999764 -0.010867 0.018792 -0.070310
0.010891 0.999940 -0.001171 -0.020470
-0.018778 0.001375 0.999823 -0.011642
0.000000 0.000000 0.000000 1.000000

0.999801 -0.011962 0.015936 -0.065794
0.011963 0.999928 0.000013 -0.031701
-0.015935 0.000178 0.999873 -0.000760
0.000000 0.000000 0.000000 1.000000

0.999736 -0.016185 0.016295 -0.056832
0.016224 0.999866 -0.002307 -0.026067
-0.016255 0.002571 0.999865 -0.001767
0.000000 0.000000 0.000000 1.000000

0.999709 -0.015960 0.018077 -0.059295
0.015989 0.999871 -0.001473 -0.033176
-0.018051 0.001762 0.999836 -0.006512
0.000000 0.000000 0.000000 1.000000

0.999696 -0.012074 0.021489 -0.060263
0.012124 0.999924 -0.002224 -0.034131
-0.021460 0.002483 0.999767 -0.002077
0.000000 0.000000 0.000000 1.000000

0.999591 -0.010899 0.026426 -0.060181
0.011059 0.999921 -0.005923 -0.036679
-0.026360 0.006213 0.999633 0.006148
0.000000 0.000000 0.000000 1.000000

0.999523 -0.013659 0.027681 -0.059655
0.013905 0.999865 -0.008705 -0.025225
-0.027558 0.009085 0.999579 0.015587
0.000000 0.000000 0.000000 1.000000

0.999459 -0.019326 0.026607 -0.076785
0.019543 0.999777 -0.007939 -0.009880
-0.026448 0.008455 0.999614 0.014612
0.000000 0.000000 0.000000 1.000000

0.999538 -0.019884 0.022985 -0.101791
0.019950 0.999797 -0.002668 -0.017599
-0.022927 0.003125 0.999732 0.019635
0.000000 0.000000 0.000000 1.000000

0.999768 -0.015607 0.014868 -0.097044
0.015621 0.999878 -0.000854 -0.019198
-0.014853 0.001087 0.999889 0.031856
0.000000 0.000000 0.000000 1.000000

0.999856 -0.016125 0.005255 -0.088548
0.016122 0.999870 0.000504 -0.020604
-0.005262 -0.000420 0.999986 0.027404
0.000000 0.000000 0.000000 1.000000

0.999854 -0.016751 -0.003291 -0.074953
0.016762 0.999854 0.003392 -0.027334
0.003234 -0.003446 0.999989 0.029764
0.000000 0.000000 0.000000 1.000000

0.999893 -0.013574 -0.005480 -0.047182
0.013595 0.999900 0.003883 -0.038686
0.005427 -0.003957 0.999977 0.036039
0.000000 0.000000 0.000000 1.000000

0.999962 -0.008648 0.001244 -0.033259
0.008645 0.999960 0.002424 -0.050587
-0.001265 -0.002414 0.999996 0.025346
0.000000 0.000000 0.000000 1.000000

0.999920 -0.004973 0.011606 -0.035717
0.005005 0.999984 -0.002665 -0.045448
-0.011592 0.002723 0.999929 0.016916
0.000000 0.000000 0.000000 1.000000

0.999835 -0.002432 0.018029 -0.030884
0.002604 0.999951 -0.009533 -0.033831
-0.018005 0.009578 0.999792 0.020903
0.000000 0.000000 0.000000 1.000000

0.999811 0.002335 0.019297 -0.028577
-0.002130 0.999941 -0.010664 -0.026573
-0.019321 0.010621 0.999757 0.017554
0.000000 0.000000 0.000000 1.000000

0.999820 0.005496 0.018156 -0.020345
-0.005366 0.999960 -0.007189 -0.029790
-0.018195 0.007091 0.999809 0.021431
0.000000 0.000000 0.000000 1.000000

0.999831 0.006036 0.017376 -0.018616
-0.005879 0.999941 -0.009081 -0.015458
-0.017429 0.008977 0.999808 0.040190
0.000000 0.000000 0.000000 1.000000

0.999855 0.006797 0.015622 -0.033084
-0.006677 0.999948 -0.007688 -0.012376
-0.015673 0.007582 0.999848 0.042637
0.000000 0.000000 0.000000 1.000000

0.999892 0.005922 0.013471 -0.039972
-0.005914 0.999982 -0.000697 -0.039047
-0.013475 0.000617 0.999909 0.037604
0.000000 0.000000 0.000000 1.000000

0.999940 0.001975 0.010810 -0.031764
-0.001978 0.999998 0.000262 -0.037268
-0.010809 -0.000283 0.999942 0.047360
0.000000 0.000000 0.000000 1.000000

0.999969 0.001102 0.007824 -0.024872
-0.001101 0.999999 -0.000134 -0.029950
-0.007824 0.000125 0.999969 0.054026
0.000000 0.000000 0.000000 1.000000

0.999966 0.001786 0.008054 -0.015743
-0.001792 0.999998 0.000824 -0.042826
-0.008053 -0.000838 0.999967 0.056153
0.000000 0.000000 0.000000 1.000000

0.999934 0.001786 0.011368 -0.016533
-0.001769 0.999997 -0.001534 -0.046117
-0.011371 0.001513 0.999934 0.058251
0.000000 0.000000 0.000000 1.000000

0.999947 0.001525 0.010169 -0.017656
-0.001480 0.999989 -0.004449 -0.030764
-0.010176 0.004434 0.999938 0.055622
0.000000 0.000000 0.000000 1.000000

0.999989 -0.000151 0.004619 -0.003319
0.000160 0.999998 -0.002100 -0.037883
-0.004619 0.002100 0.999987 0.055968
0.000000 0.000000 0.000000 1.000000

0.999997 -0.000588 0.002460 0.007926
0.000583 0.999998 0.002126 -0.056099
-0.002461 -0.002124 0.999995 0.067396
0.000000 0.000000 0.000000 1.000000

0.999990 -0.000301 0.004367 -0.004909
0.000288 0.999995 0.003103 -0.069822
-0.004368 -0.003102 0.999986 0.082761
0.000000 0.000000 0.000000 1.000000

0.999980 0.003906 0.004925 -0.011593
-0.003904 0.999992 -0.000383 -0.068236
-0.004926 0.000363 0.999988 0.082789
0.000000 0.000000 0.000000 1.000000

0.999979 0.006178 0.001982 0.010689
-0.006168 0.999969 -0.004893 -0.040454
-0.002013 0.004880 0.999986 0.081586
0.000000 0.000000 0.000000 1.000000

0.999998 0.001792 0.001054 0.015657
-0.001788 0.999992 -0.003582 -0.035944
-0.001060 0.003580 0.999993 0.089770
0.000000 0.000000 0.000000 1.000000

0.999997 -0.002215 0.001191 0.005208
0.002217 0.999997 -0.001384 -0.025750
-0.001188 0.001387 0.999998 0.091214
0.000000 0.000000 0.000000 1.000000

0.999997 -0.001438 -0.001973 -0.002487
0.001437 0.999999 -0.000359 -0.032821
0.001974 0.000356 0.999998 0.095238
0.000000 0.000000 0.000000 1.000000

0.999969 0.002485 -0.007478 0.010959
-0.002480 0.999997 0.000704 -0.056456
0.007479 -0.000686 0.999972 0.112541
0.000000 0.000000 0.000000 1.000000

0.999943 0.006270 -0.008623 0.032498
-0.006296 0.999976 -0.002936 -0.055869
0.008604 0.002990 0.999959 0.114649
0.000000 0.000000 0.000000 1.000000

0.999955 0.009438 -0.001324 0.023667
-0.009448 0.999926 -0.007639 -0.052686
0.001252 0.007651 0.999970 0.103345
0.000000 0.000000 0.000000 1.000000

0.999948 0.006738 0.007613 0.010665
-0.006656 0.999920 -0.010735 -0.039897
-0.007685 0.010684 0.999913 0.103426
0.000000 0.000000 0.000000 1.000000

0.999942 -0.004979 0.009589 0.001218
0.005069 0.999943 -0.009354 -0.026757
-0.009542 0.009402 0.999910 0.100227
0.000000 0.000000 0.000000 1.000000

0.999916 -0.012884 -0.001601 0.036813
0.012878 0.999910 -0.003883 -0.011745
0.001651 0.003862 0.999991 0.088429
0.000000 0.000000 0.000000 1.000000

0.999841 -0.013714 -0.011404 0.052737
0.013715 0.999906 0.000016 -0.042562
0.011403 -0.000173 0.999935 0.098298
0.000000 0.000000 0.000000 1.000000

0.999927 -0.005716 -0.010676 -0.001997
0.005678 0.999978 -0.003563 -0.083815
0.010696 0.003502 0.999937 0.108496
0.000000 0.000000 0.000000 1.000000

0.999860 0.011950 -0.011749 0.005705
-0.012093 0.999853 -0.012140 -0.076739
0.011602 0.012281 0.999857 0.096427
0.000000 0.000000 0.000000 1.000000

0.999782 0.019777 -0.006741 0.031847
-0.019892 0.999651 -0.017379 -0.057234
0.006395 0.017509 0.999826 0.084577
0.000000 0.000000 0.000000 1.000000

0.999938 0.010474 0.003781 0.018029
-0.010405 0.999784 -0.018010 -0.041784
-0.003969 0.017970 0.999831 0.079211
0.000000 0.000000 0.000000 1.000000

0.999971 0.000968 0.007600 0.000204
-0.000850 0.999880 -0.015476 -0.037544
-0.007615 0.015469 0.999851 0.072769
0.000000 0.000000 0.000000 1.000000

0.999994 0.000370 0.003384 -0.023800
-0.000328 0.999922 -0.012517 -0.035666
-0.003388 0.012516 0.999916 0.064537
0.000000 0.000000 0.000000 1.000000

0.999980 0.000174 -0.006317 -0.040098
-0.000229 0.999961 -0.008798 -0.034354
0.006316 0.008799 0.999941 0.065364
0.000000 0.000000 0.000000 1.000000

0.999886 0.000367 -0.015117 -0.026280
-0.000447 0.999986 -0.005291 -0.036458
0.015115 0.005297 0.999872 0.066113
0.000000 0.000000 0.000000 1.000000

0.999867 0.002671 -0.016114 -0.000711
-0.002737 0.999988 -0.004045 -0.055722
0.016103 0.004089 0.999862 0.068978
0.000000 0.000000 0.000000 1.000000

0.999929 0.003453 -0.011369 0.018931
-0.003524 0.999974 -0.006247 -0.072490
0.011347 0.006287 0.999916 0.060034
0.000000 0.000000 0.000000 1.000000

0.999989 0.003106 -0.003591 -0.009577
-0.003145 0.999936 -0.010913 -0.054129
0.003557 0.010924 0.999934 0.040714
0.000000 0.000000 0.000000 1.000000

0.999996 0.002397 -0.001291 -0.035394
-0.002412 0.999931 -0.011477 -0.038623
0.001263 0.011480 0.999933 0.043486
0.000000 0.000000 0.000000 1.000000

0.999984 0.001095 -0.005586 -0.031745
-0.001142 0.999964 -0.008427 -0.036807
0.005576 0.008433 0.999949 0.052899
0.000000 0.000000 0.000000 1.000000

0.999966 0.000429 -0.008250 -0.038510
-0.000470 0.999988 -0.004966 -0.041113
0.008248 0.004970 0.999954 0.053832
0.000000 0.000000 0.000000 1.000000

0.999966 0.000032 -0.008190 -0.036896
-0.000060 0.999994 -0.003392 -0.045415
0.008190 0.003393 0.999961 0.048209
0.000000 0.000000 0.000000 1.000000

0.999977 0.000831 -0.006710 -0.022397
-0.000858 0.999992 -0.003974 -0.040812
0.006706 0.003980 0.999970 0.046701
0.000000 0.000000 0.000000 1.000000

0.999988 0.000009 -0.004922 0.000378
-0.000040 0.999980 -0.006320 -0.016033
0.004922 0.006320 0.999968 0.061502
0.000000 0.000000 0.000000 1.000000

0.999996 -0.002838 0.000729 -0.012836
0.002843 0.999973 -0.006847 -0.013315
-0.000709 0.006849 0.999976 0.067037
0.000000 0.000000 0.000000 1.000000

0.999973 -0.005050 0.005297 -0.040504
0.005076 0.999975 -0.004956 -0.029728
-0.005272 0.004983 0.999974 0.064247
0.000000 0.000000 0.000000 1.000000

0.999963 -0.006770 0.005368 -0.039107
0.006778 0.999976 -0.001532 -0.045275
-0.005357 0.001568 0.999984 0.057792
0.000000 0.000000 0.000000 1.000000

0.999954 -0.006748 0.006775 -0.051746
0.006746 0.999977 0.000201 -0.049394
-0.006776 -0.000155 0.999977 0.049154
0.000000 0.000000 0.000000 1.000000

0.999949 -0.006196 0.008035 -0.060030
0.006195 0.999981 0.000084 -0.032899
-0.008035 -0.000034 0.999968 0.051346
0.000000 0.000000 0.000000 1.000000

0.999948 -0.007442 0.006942 -0.013440
0.007429 0.999971 0.001903 -0.042359
-0.006956 -0.001852 0.999974 0.050128
0.000000 0.000000 0.000000 1.000000

0.999887 -0.010610 0.010616 -0.013376
0.010593 0.999943 0.001657 -0.052594
-0.010633 -0.001545 0.999942 0.047648
0.000000 0.000000 0.000000 1.000000

0.999839 -0.009384 0.015291 -0.067713
0.009383 0.999956 0.000121 -0.050609
-0.015292 0.000023 0.999883 0.044510
0.000000 0.000000 0.000000 1.000000

0.999914 -0.003490 0.012634 -0.085604
0.003530 0.999989 -0.003171 -0.037913
-0.012623 0.003215 0.999915 0.046191
0.000000 0.000000 0.000000 1.000000

0.999980 -0.000083 0.006264 -0.056979
0.000117 0.999985 -0.005402 -0.037960
-0.006263 0.005402 0.999966 0.042626
0.000000 0.000000 0.000000 1.000000

0.999988 0.000329 0.004854 -0.038166
-0.000300 0.999982 -0.005999 -0.042951
-0.004856 0.005998 0.999970 0.031275
0.000000 0.000000 0.000000 1.000000

0.999967 0.001170 0.008019 -0.057302
-0.001105 0.999967 -0.008109 -0.011821
-0.008028 0.008100 0.999935 0.051985
0.000000 0.000000 0.000000 1.000000

0.999958 0.001575 0.009031 -0.057155
-0.001524 0.999983 -0.005680 -0.023080
-0.009040 0.005666 0.999943 0.059131
0.000000 0.000000 0.000000 1.000000

0.999954 0.000062 0.009601 -0.055263
-0.000020 0.999991 -0.004280 -0.043714
-0.009601 0.004280 0.999945 0.049526
0.000000 0.000000 0.000000 1.000000

0.999955 0.000367 0.009454 -0.048792
-0.000313 0.999984 -0.005689 -0.033097
-0.009456 0.005686 0.999939 0.055604
0.000000 0.000000 0.000000 1.000000

0.999934 -0.000826 0.011449 -0.058204
0.000884 0.999987 -0.005054 -0.046627
-0.011445 0.005063 0.999922 0.043060
0.000000 0.000000 0.000000 1.000000

0.999890 -0.003359 0.014449 -0.078947
0.003437 0.999980 -0.005375 -0.047277
-0.014431 0.005424 0.999881 0.045448
0.000000 0.000000 0.000000 1.000000

0.999917 -0.003017 0.012545 -0.060845
0.003080 0.999983 -0.005038 -0.045250
-0.012529 0.005076 0.999909 0.046672
0.000000 0.000000 0.000000 1.000000

0.999942 -0.002881 0.010389 -0.038942
0.002934 0.999983 -0.005099 -0.048955
-0.010375 0.005130 0.999933 0.042191
0.000000 0.000000 0.000000 1.000000

0.999932 -0.003258 0.011175 -0.041951
0.003339 0.999968 -0.007206 -0.044812
-0.011151 0.007243 0.999912 0.037945
0.000000 0.000000 0.000000 1.000000

0.999924 -0.001196 0.012244 -0.055455
0.001306 0.999959 -0.008913 -0.032903
-0.012232 0.008928 0.999885 0.034730
0.000000 0.000000 0.000000 1.000000

0.999953 -0.001276 0.009591 -0.040536
0.001352 0.999968 -0.007902 -0.034655
-0.009581 0.007914 0.999923 0.031797
0.000000 0.000000 0.000000 1.000000

0.999970 -0.004805 0.006134 -0.031359
0.004846 0.999966 -0.006645 -0.030134
-0.006102 0.006674 0.999959 0.015877
0.000000 0.000000 0.000000 1.000000

0.999977 -0.006244 0.002542 -0.028932
0.006266 0.999943 -0.008596 0.017605
-0.002489 0.008612 0.999960 0.033335
0.000000 0.000000 0.000000 1.000000

0.999995 -0.003071 0.001016 -0.028578
0.003077 0.999975 -0.006368 0.003298
-0.000996 0.006371 0.999979 0.048981
0.000000 0.000000 0.000000 1.000000

0.999995 -0.000320 0.003004 -0.051548
0.000328 0.999996 -0.002662 -0.040952
-0.003003 0.002663 0.999992 0.025462
0.000000 0.000000 0.000000 1.000000

0.999997 0.001379 0.002251 -0.047407
-0.001377 0.999998 -0.001147 -0.039236
-0.002253 0.001143 0.999997 0.009669
0.000000 0.000000 0.000000 1.000000

0.999994 0.002535 0.002457 -0.045961
-0.002528 0.999992 -0.003124 -0.005220
-0.002465 0.003118 0.999992 0.034377
0.000000 0.000000 0.000000 1.000000

0.999997 0.000648 0.002561 -0.059661
-0.000640 0.999996 -0.002887 0.004701
-0.002562 0.002886 0.999993 0.046948
0.000000 0.000000 0.000000 1.000000

0.999999 0.000207 -0.001610 -0.040889
-0.000204 0.999998 0.002102 -0.014267
0.001610 -0.002102 0.999996 0.031127
0.000000 0.000000 0.000000 1.000000

0.999985 -0.000647 -0.005369 -0.024622
0.000665 0.999994 0.003268 -0.018070
0.005367 -0.003272 0.999980 0.026051
0.000000 0.000000 0.000000 1.000000

0.999992 0.001010 -0.003907 -0.052477
-0.000994 0.999991 0.004146 -0.018885
0.003911 -0.004142 0.999984 0.041360
0.000000 0.000000 0.000000 1.000000

0.999990 0.002261 -0.003836 -0.061651
-0.002245 0.999990 0.003987 -0.012485
0.003845 -0.003978 0.999985 0.030389
0.000000 0.000000 0.000000 1.000000

0.999968 0.003749 -0.007022 -0.039311
-0.003724 0.999987 0.003488 -0.009705
0.007035 -0.003462 0.999969 0.003846
0.000000 0.000000 0.000000 1.000000

0.999951 0.005340 -0.008345 -0.025064
-0.005289 0.999967 0.006090 -0.028255
0.008377 -0.006046 0.999947 0.006864
0.000000 0.000000 0.000000 1.000000

0.999970 0.003840 -0.006655 -0.026895
-0.003798 0.999973 0.006222 -0.028286
0.006678 -0.006196 0.999959 0.021031
0.000000 0.000000 0.000000 1.000000

0.999989 0.001312 -0.004405 -0.041926
-0.001299 0.999995 0.003022 -0.005449
0.004409 -0.003017 0.999986 0.021581
0.000000 0.000000 0.000000 1.000000

0.999990 0.001426 -0.004155 -0.066300
-0.001413 0.999994 0.003120 -0.002279
0.004160 -0.003115 0.999986 0.012236
0.000000 0.000000 0.000000 1.000000

0.999950 0.004556 -0.008941 -0.033781
-0.004516 0.999980 0.004508 -0.012089
0.008962 -0.004467 0.999950 0.012475
0.000000 0.000000 0.000000 1.000000

0.999925 0.002875 -0.011920 0.005350
-0.002835 0.999990 0.003371 -0.018318
0.011930 -0.003337 0.999923 -0.001788
0.000000 0.000000 0.000000 1.000000

0.999980 0.000656 -0.006225 -0.028895
-0.000656 1.000000 0.000056 0.004147
0.006225 -0.000052 0.999981 -0.013289
0.000000 0.000000 0.000000 1.000000

0.999979 0.001578 -0.006243 -0.004865
-0.001587 0.999998 -0.001393 0.015442
0.006241 0.001403 0.999980 -0.003681
0.000000 0.000000 0.000000 1.000000

0.999981 0.001436 -0.005952 0.005671
-0.001438 0.999999 -0.000310 -0.002599
0.005952 0.000319 0.999982 -0.015298
0.000000 0.000000 0.000000 1.000000

0.999995 -0.001346 -0.002832 -0.024750
0.001343 0.999998 -0.001264 -0.011607
0.002833 0.001260 0.999995 -0.026428
0.000000 0.000000 0.000000 1.000000

0.999991 -0.002829 -0.003123 -0.022278
0.002815 0.999987 -0.004323 0.009508
0.003136 0.004315 0.999986 -0.024820
0.000000 0.000000 0.000000 1.000000

0.999991 -0.003324 -0.002473 -0.032448
0.003313 0.999985 -0.004439 0.023407
0.002488 0.004430 0.999987 -0.025953
0.000000 0.000000 0.000000 1.000000

0.999986 -0.004704 -0.002564 -0.047074
0.004701 0.999988 -0.001380 0.010479
0.002571 0.001367 0.999996 -0.039854
0.000000 0.000000 0.000000 1.000000

0.999989 -0.003682 -0.002732 -0.057732
0.003681 0.999993 -0.000328 0.006481
0.002733 0.000318 0.999996 -0.036384
0.000000 0.000000 0.000000 1.000000

0.999987 -0.000451 -0.005017 -0.031990
0.000443 0.999999 -0.001500 0.017971
0.005018 0.001497 0.999986 -0.015733
0.000000 0.000000 0.000000 1.000000

0.999989 0.003163 -0.003584 -0.014501
-0.003168 0.999994 -0.001338 0.012824
0.003580 0.001350 0.999993 -0.028590
0.000000 0.000000 0.000000 1.000000

0.999988 0.004508 0.001739 -0.030380
-0.004503 0.999985 -0.003026 0.018491
-0.001752 0.003018 0.999994 -0.034467
0.000000 0.000000 0.000000 1.000000

0.999998 0.001214 0.001718 -0.034144
-0.001205 0.999986 -0.005208 0.027027
-0.001725 0.005205 0.999985 -0.042264
0.000000 0.000000 0.000000 1.000000

0.999996 -0.001692 -0.002353 -0.026731
0.001685 0.999994 -0.003154 0.024996
0.002358 0.003150 0.999992 -0.058452
0.000000 0.000000 0.000000 1.000000

0.999990 -0.003967 -0.002214 -0.046895
0.003971 0.999990 0.001956 0.011954
0.002206 -0.001965 0.999996 -0.071532
0.000000 0.000000 0.000000 1.000000

0.999988 -0.003975 -0.002735 -0.040568
0.003983 0.999989 0.002595 0.017496
0.002724 -0.002606 0.999993 -0.066625
0.000000 0.000000 0.000000 1.000000

0.999988 0.001426 -0.004644 -0.012345
-0.001423 0.999999 0.000564 0.035041
0.004645 -0.000558 0.999989 -0.054242
0.000000 0.000000 0.000000 1.000000

0.999972 0.007218 -0.002005 -0.016361
-0.007220 0.999973 -0.001067 0.051584
0.001997 0.001081 0.999997 -0.062601
0.000000 0.000000 0.000000 1.000000

0.999964 0.008429 0.000980 -0.024336
-0.008428 0.999964 -0.001182 0.066269
-0.000990 0.001174 0.999999 -0.072513
0.000000 0.000000 0.000000 1.000000

0.999990 0.003947 0.001949 -0.025373
-0.003950 0.999991 0.001390 0.046047
-0.001944 -0.001397 0.999997 -0.076948
0.000000 0.000000 0.000000 1.000000

0.999999 -0.000210 0.001434 -0.041932
0.000206 0.999997 0.002425 0.050042
-0.001435 -0.002425 0.999996 -0.076746
0.000000 0.000000 0.000000 1.000000

0.999996 -0.001366 -0.002339 -0.043063
0.001377 0.999988 0.004784 0.060603
0.002333 -0.004787 0.999986 -0.077067
0.000000 0.000000 0.000000 1.000000

0.999976 -0.003793 -0.005828 -0.023406
0.003830 0.999972 0.006477 0.048824
0.005803 -0.006499 0.999962 -0.074766
0.000000 0.000000 0.000000 1.000000

0.999973 -0.004718 -0.005663 -0.024091
0.004740 0.999981 0.003975 0.040429
0.005644 -0.004001 0.999976 -0.082827
0.000000 0.000000 0.000000 1.000000

0.999977 -0.001347 -0.006654 -0.018056
0.001359 0.999997 0.001937 0.052713
0.006652 -0.001946 0.999976 -0.091889
0.000000 0.000000 0.000000 1.000000

0.999975 0.001203 -0.006906 -0.008826
-0.001192 0.999998 0.001526 0.071429
0.006908 -0.001517 0.999975 -0.092477
0.000000 0.000000 0.000000 1.000000

0.999993 -0.001022 -0.003692 -0.016067
0.001038 0.999991 0.004113 0.065577
0.003688 -0.004117 0.999985 -0.091853
0.000000 0.000000 0.000000 1.000000

0.999997 -0.001819 -0.001477 -0.011100
0.001829 0.999976 0.006611 0.068938
0.001464 -0.006613 0.999977 -0.074496
0.000000 0.000000 0.000000 1.000000

1.000000 -0.000489 -0.000199 -0.004097
0.000490 0.999983 0.005761 0.075592
0.000196 -0.005761 0.999983 -0.060190
0.000000 0.000000 0.000000 1.000000

0.999999 0.001086 0.001168 -0.018379
-0.001091 0.999989 0.004496 0.074408
-0.001163 -0.004497 0.999989 -0.076973
0.000000 0.000000 0.000000 1.000000

0.999977 0.004591 -0.005081 0.028802
-0.004585 0.999989 0.001178 0.088741
0.005086 -0.001155 0.999986 -0.087731
0.000000 0.000000 0.000000 1.000000

0.999941 0.006909 -0.008330 0.036773
-0.006902 0.999976 0.000841 0.078327
0.008336 -0.000784 0.999965 -0.085204
0.000000 0.000000 0.000000 1.000000

0.999971 0.006138 -0.004443 -0.011309
-0.006124 0.999976 0.003215 0.045187
0.004463 -0.003187 0.999985 -0.086350
0.000000 0.000000 0.000000 1.000000

0.999994 0.003133 -0.001587 -0.034174
-0.003129 0.999991 0.002804 0.049268
0.001596 -0.002799 0.999995 -0.086057
0.000000 0.000000 0.000000 1.000000

0.999998 0.000755 -0.001807 -0.031024
-0.000746 0.999987 0.004948 0.042765
0.001810 -0.004947 0.999986 -0.084639
0.000000 0.000000 0.000000 1.000000

0.999997 0.000183 -0.002536 -0.027868
-0.000173 0.999993 0.003853 0.029099
0.002536 -0.003852 0.999989 -0.077760
0.000000 0.000000 0.000000 1.000000

0.999985 0.004204 -0.003555 -0.036741
-0.004203 0.999991 0.000384 0.031518
0.003556 -0.000369 0.999994 -0.080340
0.000000 0.000000 0.000000 1.000000

0.999955 0.007860 -0.005369 -0.020676
-0.007868 0.999968 -0.001365 0.037136
0.005358 0.001407 0.999985 -0.076714
0.000000 0.000000 0.000000 1.000000

0.999979 0.005846 -0.002618 -0.027180
-0.005850 0.999981 -0.001879 0.045037
0.002607 0.001894 0.999995 -0.080636
0.000000 0.000000 0.000000 1.000000

1.000000 -0.000156 -0.000390 -0.032529
0.000156 1.000000 0.000181 0.052706
0.000390 -0.000181 1.000000 -0.086305
0.000000 0.000000 0.000000 1.000000

0.999994 -0.002650 0.002335 -0.052627
0.002641 0.999990 0.003619 0.062267
-0.002344 -0.003613 0.999991 -0.080460
0.000000 0.000000 0.000000 1.000000

0.999997 0.000118 0.002421 -0.065483
-0.000136 0.999972 0.007536 0.075170
-0.002420 -0.007536 0.999969 -0.079895
0.000000 0.000000 0.000000 1.000000

0.999999 0.001318 0.000213 -0.027420
-0.001320 0.999938 0.011088 0.081564
-0.000198 -0.011088 0.999939 -0.049957
0.000000 0.000000 0.000000 1.000000

0.999991 -0.001716 0.003945 -0.022192
0.001656 0.999881 0.015311 0.060530
-0.003971 -0.015304 0.999875 -0.060938
0.000000 0.000000 0.000000 1.000000

0.999956 -0.003325 0.008767 -0.055714
0.003187 0.999871 0.015748 0.071949
-0.008818 -0.015719 0.999838 -0.078105
0.000000 0.000000 0.000000 1.000000

0.999950 -0.002426 0.009669 -0.054403
0.002256 0.999844 0.017491 0.082004
-0.009710 -0.017468 0.999800 -0.068522
0.000000 0.000000 0.000000 1.000000

0.999915 -0.005739 0.011669 -0.055776
0.005501 0.999778 0.020325 0.073819
-0.011783 -0.020259 0.999725 -0.077307
0.000000 0.000000 0.000000 1.000000

0.999877 -0.008767 0.012991 -0.063632
0.008499 0.999754 0.020485 0.074636
-0.013167 -0.020372 0.999706 -0.070456
0.000000 0.000000 0.000000 1.000000

0.999876 -0.007495 0.013867 -0.063433
0.007200 0.999749 0.021229 0.066541
-0.014023 -0.021127 0.999678 -0.062338
0.000000 0.000000 0.000000 1.000000

0.999832 -0.010964 0.014668 -0.038761
0.010621 0.999673 0.023274 0.024078
-0.014918 -0.023114 0.999622 -0.083038
0.000000 0.000000 0.000000 1.000000

0.999708 -0.015741 0.018329 -0.047063
0.015430 0.999737 0.016991 0.032035
-0.018592 -0.016703 0.999688 -0.099920
0.000000 0.000000 0.000000 1.000000

0.999697 -0.011566 0.021732 -0.089447
0.011339 0.999880 0.010527 0.075969
-0.021851 -0.010278 0.999708 -0.091436
0.000000 0.000000 0.000000 1.000000

0.999739 -0.009813 0.020617 -0.081885
0.009558 0.999877 0.012439 0.049300
-0.020736 -0.012238 0.999710 -0.089967
0.000000 0.000000 0.000000 1.000000

0.999640 -0.015543 0.021882 -0.071962
0.015324 0.999831 0.010152 0.043306
-0.022036 -0.009813 0.999709 -0.088067
0.000000 0.000000 0.000000 1.000000

0.999551 -0.019826 0.022450 -0.073162
0.019646 0.999774 0.008182 0.069351
-0.022607 -0.007737 0.999714 -0.092001
0.000000 0.000000 0.000000 1.000000

0.999475 -0.023348 0.022459 -0.093863
0.023123 0.999680 0.010229 0.066496
-0.022690 -0.009704 0.999695 -0.090613
0.000000 0.000000 0.000000 1.000000

0.999536 -0.023697 0.019118 -0.105056
0.023493 0.999666 0.010805 0.064967
-0.019368 -0.010351 0.999759 -0.088305
0.000000 0.000000 0.000000 1.000000

0.999713 -0.019284 0.014222 -0.101416
0.019148 0.999770 0.009653 0.076204
-0.014405 -0.009378 0.999852 -0.087614
0.000000 0.000000 0.000000 1.000000

0.999810 -0.014217 0.013324 -0.098723
0.014093 0.999857 0.009380 0.088704
-0.013455 -0.009191 0.999867 -0.088800
0.000000 0.000000 0.000000 1.000000

0.999752 -0.016477 0.014948 -0.082345
0.016331 0.999818 0.009875 0.087634
-0.015108 -0.009628 0.999840 -0.086866
0.000000 0.000000 0.000000 1.000000

0.999509 -0.025721 0.017868 -0.081517
0.025562 0.999632 0.009031 0.083185
-0.018094 -0.008570 0.999800 -0.079882
0.000000 0.000000 0.000000 1.000000

0.999378 -0.030579 0.017550 -0.084953
0.030455 0.999509 0.007316 0.101961
-0.017765 -0.006777 0.999819 -0.078636
0.000000 0.000000 0.000000 1.000000

0.999475 -0.028935 0.014543 -0.077784
0.028795 0.999538 0.009724 0.082715
-0.014817 -0.009300 0.999847 -0.070450
0.000000 0.000000 0.000000 1.000000

0.999548 -0.026330 0.014488 -0.083362
0.026229 0.999631 0.007120 0.062856
-0.014670 -0.006737 0.999870 -0.071767
0.000000 0.000000 0.000000 1.000000

0.999615 -0.023717 0.014377 -0.086507
0.023705 0.999718 0.001019 0.070687
-0.014397 -0.000678 0.999896 -0.079276
0.000000 0.000000 0.000000 1.000000

0.999727 -0.019091 0.013458 -0.072130
0.019070 0.999817 0.001690 0.073341
-0.013488 -0.001433 0.999908 -0.088974
0.000000 0.000000 0.000000 1.000000

0.999695 -0.019391 0.015315 -0.047659
0.019295 0.999793 0.006403 0.056938
-0.015436 -0.006105 0.999862 -0.083302
0.000000 0.000000 0.000000 1.000000

0.999535 -0.022925 0.020101 -0.058270
0.022797 0.999718 0.006586 0.054793
-0.020246 -0.006124 0.999776 -0.074543
0.000000 0.000000 0.000000 1.000000

0.999618 -0.020602 0.018424 -0.059598
0.020503 0.999775 0.005523 0.070242
-0.018533 -0.005143 0.999815 -0.072820
0.000000 0.000000 0.000000 1.000000

0.999831 -0.008021 0.016533 -0.055090
0.007879 0.999932 0.008637 0.033802
-0.016601 -0.008506 0.999826 -0.062762
0.000000 0.000000 0.000000 1.000000

0.999803 0.006061 0.018910 -0.041824
-0.006105 0.999979 0.002256 0.027483
-0.018896 -0.002371 0.999819 -0.063150
0.000000 0.000000 0.000000 1.000000

0.999664 0.012066 0.022923 -0.004954
-0.011986 0.999922 -0.003625 0.046056
-0.022965 0.003349 0.999731 -0.066056
0.000000 0.000000 0.000000 1.000000

0.999345 0.013996 0.033386 -0.019801
-0.013836 0.999892 -0.005038 0.035427
-0.033453 0.004573 0.999430 -0.056662
0.000000 0.000000 0.000000 1.000000

0.999105 0.013827 0.039969 -0.071629
-0.013359 0.999839 -0.011956 0.056169
-0.040128 0.011411 0.999129 -0.062167
0.000000 0.000000 0.000000 1.000000

0.999346 0.012346 0.033997 -0.087850
-0.012041 0.999885 -0.009177 0.069379
-0.034106 0.008762 0.999380 -0.078272
0.000000 0.000000 0.000000 1.000000

0.999613 0.012450 0.024887 -0.086310
-0.012400 0.999921 -0.002168 0.046913
-0.024912 0.001858 0.999688 -0.071740
0.000000 0.000000 0.000000 1.000000

0.999800 0.013120 0.015077 -0.091204
-0.013046 0.999902 -0.004996 0.062453
-0.015141 0.004799 0.999874 -0.072095
0.000000 0.000000 0.000000 1.000000

0.999912 0.012329 0.004866 -0.081062
-0.012310 0.999916 -0.003948 0.078428
-0.004915 0.003888 0.999980 -0.073921
0.000000 0.000000 0.000000 1.000000

0.999984 0.005594 -0.000805 -0.078317
-0.005596 0.999982 -0.002089 0.072832
0.000793 0.002093 0.999997 -0.066352
0.000000 0.000000 0.000000 1.000000

0.999978 -0.001667 -0.006404 -0.055984
0.001649 0.999995 -0.002816 0.075118
0.006409 0.002806 0.999976 -0.073101
0.000000 0.000000 0.000000 1.000000

0.999976 -0.003668 -0.005932 -0.038051
0.003653 0.999990 -0.002499 0.060524
0.005941 0.002477 0.999979 -0.070111
0.000000 0.000000 0.000000 1.000000

0.999995 -0.003203 -0.000585 -0.031739
0.003199 0.999976 -0.006190 0.061309
0.000605 0.006188 0.999981 -0.063547
0.000000 0.000000 0.000000 1.000000

0.999990 -0.001227 0.004217 -0.034251
0.001259 0.999971 -0.007508 0.067559
-0.004208 0.007513 0.999963 -0.065370
0.000000 0.000000 0.000000 1.000000

0.999983 0.000249 0.005761 -0.048789
-0.000203 0.999967 -0.008061 0.076587
-0.005762 0.008060 0.999951 -0.064851
0.000000 0.000000 0.000000 1.000000

0.999995 -0.002981 0.000691 -0.042807
0.002987 0.999957 -0.008770 0.094222
-0.000665 0.008772 0.999961 -0.070245
0.000000 0.000000 0.000000 1.000000

0.999961 -0.008188 -0.003230 -0.057372
0.008172 0.999954 -0.004978 0.121456
0.003270 0.004951 0.999982 -0.072822
0.000000 0.000000 0.000000 1.000000

0.999875 -0.013383 -0.008421 -0.067280
0.013429 0.999895 0.005470 0.118404
0.008347 -0.005582 0.999950 -0.063918
0.000000 0.000000 0.000000 1.000000

0.999784 -0.010292 -0.018069 -0.035411
0.010575 0.999821 0.015667 0.085061
0.017905 -0.015855 0.999714 -0.066491
0.000000 0.000000 0.000000 1.000000

0.999812 0.003290 -0.019105 -0.023478
-0.002916 0.999804 0.019584 0.066672
0.019165 -0.019525 0.999626 -0.075566
0.000000 0.000000 0.000000 1.000000

0.999891 0.011347 -0.009454 -0.041156
-0.011187 0.999796 0.016834 0.056020
0.009643 -0.016726 0.999814 -0.074920
0.000000 0.000000 0.000000 1.000000

0.999949 0.010008 -0.001230 -0.045759
-0.009996 0.999910 0.008906 0.077151
0.001319 -0.008893 0.999960 -0.078659
0.000000 0.000000 0.000000 1.000000

0.999983 0.005683 0.001389 -0.047709
-0.005695 0.999946 0.008726 0.075329
-0.001340 -0.008734 0.999961 -0.075006
0.000000 0.000000 0.000000 1.000000

0.999991 0.004033 -0.001063 -0.044715
-0.004020 0.999921 0.011950 0.048648
0.001112 -0.011946 0.999928 -0.062337
0.000000 0.000000 0.000000 1.000000

0.999977 0.004956 -0.004572 -0.050608
-0.004918 0.999954 0.008207 0.039139
0.004613 -0.008184 0.999956 -0.055742
0.000000 0.000000 0.000000 1.000000

0.999955 0.005691 -0.007529 -0.061479
-0.005663 0.999977 0.003701 0.048961
0.007550 -0.003659 0.999965 -0.058983
0.000000 0.000000 0.000000 1.000000

0.999961 0.001480 -0.008684 -0.051474
-0.001455 0.999995 0.002946 0.030502
0.008689 -0.002934 0.999958 -0.070777
0.000000 0.000000 0.000000 1.000000

0.999981 -0.004641 -0.003956 -0.047291
0.004637 0.999989 -0.000784 0.024524
0.003959 0.000766 0.999992 -0.081363
0.000000 0.000000 0.000000 1.000000

0.999974 -0.006781 0.002573 -0.046175
0.006790 0.999971 -0.003320 0.048115
-0.002550 0.003338 0.999991 -0.075919
0.000000 0.000000 0.000000 1.000000

0.999959 -0.004158 0.007990 -0.056455
0.004168 0.999991 -0.001231 0.045996
-0.007985 0.001264 0.999967 -0.067392
0.000000 0.000000 0.000000 1.000000

0.999954 0.000205 0.009552 -0.066152
-0.000208 1.000000 0.000368 0.051675
-0.009552 -0.000370 0.999954 -0.065384
0.000000 0.000000 0.000000 1.000000

0.999974 0.000763 0.007122 -0.067627
-0.000798 0.999987 0.005027 0.047877
-0.007118 -0.005032 0.999962 -0.073505
0.000000 0.000000 0.000000 1.000000

0.999991 -0.000115 0.004334 -0.062260
0.000063 0.999929 0.011949 0.036270
-0.004335 -0.011949 0.999919 -0.089084
0.000000 0.000000 0.000000 1.000000

0.999986 0.000182 0.005323 -0.058672
-0.000256 0.999904 0.013870 0.029110
-0.005320 -0.013871 0.999890 -0.076326
0.000000 0.000000 0.000000 1.000000

0.999950 0.002039 0.009795 -0.068843
-0.002136 0.999949 0.009860 0.023237
-0.009774 -0.009881 0.999903 -0.065520
0.000000 0.000000 0.000000 1.000000

0.999893 0.001253 0.014587 -0.060960
-0.001318 0.999989 0.004448 0.030037
-0.014582 -0.004467 0.999884 -0.082318
0.000000 0.000000 0.000000 1.000000

0.999789 -0.000657 0.020529 -0.056640
0.000607 0.999997 0.002424 0.035112
-0.020531 -0.002412 0.999786 -0.079358
0.000000 0.000000 0.000000 1.000000

0.999659 -0.003453 0.025894 -0.074558
0.003355 0.999987 0.003820 0.039726
-0.025907 -0.003731 0.999657 -0.071595
0.000000 0.000000 0.000000 1.000000

0.999576 -0.011177 0.026901 -0.082612
0.010981 0.999912 0.007415 0.046057
-0.026981 -0.007116 0.999611 -0.068078
0.000000 0.000000 0.000000 1.000000

0.999551 -0.017327 0.024448 -0.090710
0.017105 0.999811 0.009241 0.051262
-0.024603 -0.008819 0.999658 -0.061328
0.000000 0.000000 0.000000 1.000000

0.999593 -0.020917 0.019419 -0.093305
0.020735 0.999740 0.009527 0.058819
-0.019613 -0.009121 0.999766 -0.056000
0.000000 0.000000 0.000000 1.000000

0.999699 -0.019244 0.015223 -0.090411
0.019043 0.999731 0.013228 0.065804
-0.015473 -0.012934 0.999797 -0.045302
0.000000 0.000000 0.000000 1.000000

0.999752 -0.015308 0.016168 -0.102264
0.015059 0.999768 0.015390 0.069467
-0.016399 -0.015142 0.999751 -0.042081
0.000000 0.000000 0.000000 1.000000

0.999772 -0.012486 0.017351 -0.102202
0.012258 0.999838 0.013163 0.066337
-0.017512 -0.012947 0.999763 -0.046388
0.000000 0.000000 0.000000 1.000000

