1.000000 0.000000 0.000000 0.000000
0.000000 1.000000 0.000000 0.000000
0.000000 0.000000 1.000000 0.000000
0.000000 0.000000 0.000000 1.000000

0.999995 -0.002737 0.001540 0.005080
0.002744 0.999987 -0.004205 -0.003676
-0.001529 0.004209 0.999990 0.012836
0.000000 0.000000 0.000000 1.000000

0.999953 -0.005512 0.007940 -0.008816
0.005580 0.999948 -0.008583 -0.010032
-0.007892 0.008627 0.999932 0.029255
0.000000 0.000000 0.000000 1.000000

0.999869 -0.011192 0.011672 -0.037785
0.011346 0.999847 -0.013290 -0.013631
-0.011521 0.013421 0.999844 0.042075
0.000000 0.000000 0.000000 1.000000

0.999821 -0.016574 0.009079 -0.056971
0.016727 0.999715 -0.017026 -0.017159
-0.008794 0.017175 0.999814 0.047129
0.000000 0.000000 0.000000 1.000000

0.999759 -0.021530 0.004299 -0.080237
0.021609 0.999582 -0.019196 -0.008731
-0.003884 0.019284 0.999806 0.062245
0.000000 0.000000 0.000000 1.000000

0.999737 -0.022951 0.000386 -0.096313
0.022955 0.999556 -0.018985 -0.008659
0.000050 0.018989 0.999820 0.061190
0.000000 0.000000 0.000000 1.000000

0.999652 -0.026339 -0.001648 -0.107767
0.026308 0.999518 -0.016482 -0.010423
0.002081 0.016433 0.999863 0.077728
0.000000 0.000000 0.000000 1.000000

0.999608 -0.027967 -0.001442 -0.137473
0.027948 0.999539 -0.011846 -0.016770
0.001773 0.011801 0.999929 0.086985
0.000000 0.000000 0.000000 1.000000

0.999581 -0.028955 -0.000384 -0.147018
0.028951 0.999548 -0.008092 -0.032084
0.000618 0.008078 0.999967 0.102764
0.000000 0.000000 0.000000 1.000000

0.999582 -0.028711 0.003351 -0.162780
0.028736 0.999557 -0.007802 -0.036844
-0.003126 0.007895 0.999964 0.118233
0.000000 0.000000 0.000000 1.000000

0.999614 -0.027176 0.005783 -0.175065
0.027228 0.999588 -0.009101 -0.022354
-0.005533 0.009255 0.999942 0.131467
0.000000 0.000000 0.000000 1.000000

0.999584 -0.026907 0.010389 -0.219352
0.026933 0.999634 -0.002389 -0.039064
-0.010321 0.002668 0.999943 0.137698
0.000000 0.000000 0.000000 1.000000

0.999514 -0.027534 0.014615 -0.275473
0.027498 0.999618 0.002653 -0.037913
-0.014682 -0.002250 0.999890 0.152796
0.000000 0.000000 0.000000 1.000000

0.999484 -0.028992 0.013823 -0.299812
0.028848 0.999529 0.010513 -0.037135
-0.014121 -0.010109 0.999849 0.165699
0.000000 0.000000 0.000000 1.000000

0.999463 -0.031026 0.010514 -0.322206
0.030842 0.999376 0.017212 -0.042856
-0.011041 -0.016879 0.999797 0.174778
0.000000 0.000000 0.000000 1.000000

0.999423 -0.032918 0.008394 -0.366443
0.032706 0.999170 0.024275 -0.044406
-0.009186 -0.023987 0.999670 0.184794
0.000000 0.000000 0.000000 1.000000

0.999331 -0.036053 0.006104 -0.394466
0.035845 0.998867 0.031302 -0.061400
-0.007226 -0.031062 0.999491 0.204190
0.000000 0.000000 0.000000 1.000000

0.999158 -0.040627 0.005699 -0.420443
0.040423 0.998660 0.032322 -0.078754
-0.007005 -0.032065 0.999461 0.217246
0.000000 0.000000 0.000000 1.000000

0.999055 -0.042236 0.010263 -0.454224
0.041931 0.998719 0.028319 -0.079399
-0.011446 -0.027862 0.999546 0.224867
0.000000 0.000000 0.000000 1.000000

0.998968 -0.041866 0.017629 -0.493272
0.041369 0.998760 0.027696 -0.072688
-0.018767 -0.026938 0.999461 0.244014
0.000000 0.000000 0.000000 1.000000

0.998670 -0.042975 0.028485 -0.559221
0.042200 0.998736 0.027295 -0.069094
-0.029622 -0.026057 0.999221 0.260414
0.000000 0.000000 0.000000 1.000000

0.998161 -0.048362 0.036550 -0.614364
0.047370 0.998498 0.027522 -0.079008
-0.037826 -0.025740 0.998953 0.269800
0.000000 0.000000 0.000000 1.000000

0.997806 -0.052009 0.040960 -0.657749
0.050778 0.998243 0.030521 -0.070991
-0.042476 -0.028375 0.998694 0.285901
0.000000 0.000000 0.000000 1.000000

0.997245 -0.058216 0.045960 -0.705171
0.056548 0.997721 0.036801 -0.091446
-0.047998 -0.034101 0.998265 0.301472
0.000000 0.000000 0.000000 1.000000

0.996908 -0.062605 0.047488 -0.729093
0.060656 0.997299 0.041430 -0.125255
-0.049953 -0.038421 0.998012 0.331325
0.000000 0.000000 0.000000 1.000000

0.996497 -0.067162 0.049833 -0.771674
0.065132 0.997022 0.041292 -0.143679
-0.052457 -0.037902 0.997904 0.356148
0.000000 0.000000 0.000000 1.000000

0.996096 -0.069038 0.055016 -0.816697
0.066854 0.996936 0.040603 -0.173709
-0.057650 -0.036766 0.997660 0.378830
0.000000 0.000000 0.000000 1.000000

0.995458 -0.071600 0.062739 -0.846640
0.069351 0.996894 0.037334 -0.197704
-0.065217 -0.032813 0.997331 0.400658
0.000000 0.000000 0.000000 1.000000

0.994575 -0.072658 0.074445 -0.905991
0.070429 0.996999 0.032137 -0.221020
-0.076556 -0.026719 0.996707 0.412636
0.000000 0.000000 0.000000 1.000000

0.994345 -0.070041 0.079831 -0.937638
0.068545 0.997420 0.021335 -0.164316
-0.081119 -0.015743 0.996580 0.419004
0.000000 0.000000 0.000000 1.000000

0.993732 -0.071962 0.085544 -0.996586
0.070254 0.997268 0.022810 -0.191435
-0.086952 -0.016657 0.996073 0.436129
0.000000 0.000000 0.000000 1.000000

0.993280 -0.073482 0.089413 -1.049265
0.071854 0.997188 0.021286 -0.224049
-0.090725 -0.014718 0.995767 0.450410
0.000000 0.000000 0.000000 1.000000

0.993465 -0.069452 0.090572 -1.072985
0.068561 0.997563 0.012922 -0.242227
-0.091249 -0.006628 0.995806 0.467545
0.000000 0.000000 0.000000 1.000000

0.993377 -0.062998 0.096094 -1.109381
0.063068 0.998007 0.002312 -0.241633
-0.096048 0.003764 0.995370 0.481245
0.000000 0.000000 0.000000 1.000000

0.993252 -0.058250 0.100291 -1.145330
0.059266 0.998216 -0.007183 -0.243792
-0.099694 0.013078 0.994932 0.492177
0.000000 0.000000 0.000000 1.000000

0.993352 -0.054734 0.101271 -1.174990
0.056406 0.998314 -0.013721 -0.243466
-0.100349 0.019342 0.994764 0.506970
0.000000 0.000000 0.000000 1.000000

0.993399 -0.056297 0.099941 -1.195363
0.058212 0.998170 -0.016350 -0.240440
-0.098837 0.022060 0.994859 0.522602
0.000000 0.000000 0.000000 1.000000

0.993294 -0.061019 0.098199 -1.217103
0.062675 0.997938 -0.013865 -0.249471
-0.097150 0.019927 0.995070 0.536437
0.000000 0.000000 0.000000 1.000000

0.993439 -0.063830 0.094891 -1.248074
0.065323 0.997783 -0.012704 -0.258323
-0.093870 0.018819 0.995407 0.558556
0.000000 0.000000 0.000000 1.000000

0.993985 -0.066807 0.086779 -1.240545
0.067781 0.997666 -0.008316 -0.279150
-0.086021 0.014148 0.996193 0.573139
0.000000 0.000000 0.000000 1.000000

0.994134 -0.070118 0.082344 -1.247591
0.070690 0.997490 -0.004048 -0.310216
-0.081854 0.009846 0.996596 0.589464
0.000000 0.000000 0.000000 1.000000

0.994475 -0.070351 0.077917 -1.262667
0.070912 0.997473 -0.004449 -0.330769
-0.077407 0.009949 0.996950 0.612629
0.000000 0.000000 0.000000 1.000000

0.995082 -0.068183 0.071857 -1.270964
0.068936 0.997589 -0.008058 -0.346251
-0.071134 0.012972 0.997382 0.634066
0.000000 0.000000 0.000000 1.000000

0.995564 -0.066548 0.066510 -1.262904
0.067730 0.997580 -0.015678 -0.328111
-0.065306 0.020113 0.997663 0.649387
0.000000 0.000000 0.000000 1.000000

0.995663 -0.068680 0.062758 -1.280113
0.070118 0.997317 -0.021017 -0.343409
-0.061146 0.025326 0.997807 0.671713
0.000000 0.000000 0.000000 1.000000

0.996004 -0.070056 0.055383 -1.278753
0.071601 0.997083 -0.026417 -0.345130
-0.053371 0.030277 0.998116 0.701851
0.000000 0.000000 0.000000 1.000000

0.996473 -0.068564 0.048376 -1.284273
0.069921 0.997189 -0.026936 -0.350435
-0.046393 0.030223 0.998466 0.725531
0.000000 0.000000 0.000000 1.000000

0.996818 -0.068098 0.041440 -1.279918
0.069298 0.997195 -0.028265 -0.345492
-0.039399 0.031047 0.998741 0.757600
0.000000 0.000000 0.000000 1.000000

0.997064 -0.067553 0.036051 -1.276920
0.068590 0.997242 -0.028354 -0.385459
-0.034036 0.030743 0.998948 0.804374
0.000000 0.000000 0.000000 1.000000

0.997660 -0.061561 0.029728 -1.274036
0.062497 0.997543 -0.031642 -0.410298
-0.027707 0.033425 0.999057 0.832418
0.000000 0.000000 0.000000 1.000000

0.998300 -0.053339 0.023480 -1.263029
0.054155 0.997898 -0.035591 -0.448134
-0.021532 0.036802 0.999091 0.859072
0.000000 0.000000 0.000000 1.000000

0.998437 -0.052669 0.018702 -1.244288
0.053450 0.997599 -0.044040 -0.470473
-0.016337 0.044971 0.998855 0.879308
0.000000 0.000000 0.000000 1.000000

0.998299 -0.055499 0.017881 -1.241994
0.056296 0.997275 -0.047676 -0.497188
-0.015186 0.048601 0.998703 0.890096
0.000000 0.000000 0.000000 1.000000

0.998138 -0.057802 0.019478 -1.259359
0.058694 0.997081 -0.048833 -0.553615
-0.016598 0.049886 0.998617 0.894876
0.000000 0.000000 0.000000 1.000000

0.998149 -0.058526 0.016545 -1.254102
0.059383 0.996595 -0.057209 -0.576725
-0.013140 0.058085 0.998225 0.921023
0.000000 0.000000 0.000000 1.000000

0.998292 -0.057180 0.011957 -1.240048
0.057832 0.996266 -0.064105 -0.606345
-0.008247 0.064687 0.997872 0.947282
0.000000 0.000000 0.000000 1.000000

0.998489 -0.054189 0.009115 -1.249557
0.054702 0.995962 -0.071192 -0.643232
-0.005220 0.071583 0.997421 0.975010
0.000000 0.000000 0.000000 1.000000

0.998862 -0.047621 0.002823 -1.240437
0.047695 0.995728 -0.079062 -0.685681
0.000954 0.079106 0.996866 0.984327
0.000000 0.000000 0.000000 1.000000

0.999039 -0.043831 -0.000362 -1.244892
0.043618 0.994925 -0.090671 -0.701918
0.004334 0.090569 0.995881 0.994806
0.000000 0.000000 0.000000 1.000000

0.998996 -0.044791 -0.000367 -1.241782
0.044528 0.993961 -0.100291 -0.725895
0.004857 0.100174 0.994958 1.005926
0.000000 0.000000 0.000000 1.000000

0.998895 -0.046955 0.001881 -1.269936
0.046880 0.992917 -0.109167 -0.731215
0.003258 0.109134 0.994022 1.023030
0.000000 0.000000 0.000000 1.000000

0.998767 -0.049652 0.000370 -1.286940
0.049380 0.992462 -0.112161 -0.758057
0.005202 0.112041 0.993690 1.034001
0.000000 0.000000 0.000000 1.000000

0.998606 -0.052490 -0.005544 -1.300565
0.051493 0.991895 -0.116162 -0.776624
0.011596 0.115714 0.993215 1.049529
0.000000 0.000000 0.000000 1.000000

0.998543 -0.051979 -0.014519 -1.294577
0.049891 0.991647 -0.118946 -0.785593
0.020581 0.118048 0.992795 1.068782
0.000000 0.000000 0.000000 1.000000

0.998404 -0.052470 -0.020902 -1.287421
0.049542 0.991291 -0.122017 -0.786941
0.027122 0.120786 0.992308 1.088084
0.000000 0.000000 0.000000 1.000000

0.998258 -0.054358 -0.022938 -1.297753
0.051189 0.991283 -0.121399 -0.798287
0.029337 0.120014 0.992339 1.106679
0.000000 0.000000 0.000000 1.000000

0.998209 -0.055305 -0.022805 -1.320653
0.052233 0.991589 -0.118422 -0.820933
0.029162 0.117019 0.992701 1.113220
0.000000 0.000000 0.000000 1.000000

0.998210 -0.056164 -0.020528 -1.351170
0.053335 0.991448 -0.119104 -0.820733
0.027042 0.117796 0.992670 1.134275
0.000000 0.000000 0.000000 1.000000

0.998325 -0.054327 -0.019878 -1.369813
0.051620 0.991692 -0.117821 -0.832532
0.026114 0.116598 0.992836 1.149240
0.000000 0.000000 0.000000 1.000000

0.998523 -0.051153 -0.018327 -1.401227
0.048686 0.992026 -0.116250 -0.840996
0.024128 0.115186 0.993051 1.171767
0.000000 0.000000 0.000000 1.000000

0.998676 -0.049132 -0.015221 -1.446859
0.047112 0.992517 -0.112656 -0.855146
0.020642 0.111789 0.993518 1.153722
0.000000 0.000000 0.000000 1.000000

0.998752 -0.047975 -0.013906 -1.465508
0.046168 0.992901 -0.109620 -0.860111
0.019066 0.108842 0.993876 1.164441
0.000000 0.000000 0.000000 1.000000

0.998768 -0.048532 -0.010352 -1.497803
0.047151 0.993154 -0.106875 -0.866497
0.015468 0.106256 0.994219 1.171313
0.000000 0.000000 0.000000 1.000000

0.998780 -0.048953 -0.006460 -1.534444
0.048024 0.993472 -0.103474 -0.875650
0.011483 0.103038 0.994611 1.185110
0.000000 0.000000 0.000000 1.000000

0.998654 -0.051873 -0.000463 -1.581498
0.051565 0.993608 -0.100421 -0.884491
0.005669 0.100262 0.994945 1.195028
0.000000 0.000000 0.000000 1.000000

0.998329 -0.057536 0.005407 -1.630282
0.057788 0.993424 -0.098838 -0.881554
0.000316 0.098986 0.995089 1.207285
0.000000 0.000000 0.000000 1.000000

0.998000 -0.062547 0.009161 -1.680391
0.063135 0.993492 -0.094800 -0.890626
-0.003172 0.095189 0.995454 1.212450
0.000000 0.000000 0.000000 1.000000

0.997634 -0.067700 0.011925 -1.712715
0.068511 0.993429 -0.091682 -0.885770
-0.005640 0.092282 0.995717 1.199857
0.000000 0.000000 0.000000 1.000000

0.997187 -0.073125 0.016430 -1.755730
0.074288 0.993390 -0.087503 -0.899649
-0.009922 0.088478 0.996029 1.207810
0.000000 0.000000 0.000000 1.000000

0.996468 -0.080569 0.023681 -1.804764
0.082313 0.992946 -0.085342 -0.913844
-0.016638 0.086990 0.996070 1.213070
0.000000 0.000000 0.000000 1.000000

0.995595 -0.087378 0.033982 -1.878030
0.089971 0.992375 -0.084248 -0.924771
-0.026362 0.086935 0.995865 1.212851
0.000000 0.000000 0.000000 1.000000

0.994855 -0.091874 0.042692 -1.939659
0.095147 0.992057 -0.082280 -0.942115
-0.034794 0.085918 0.995694 1.213466
0.000000 0.000000 0.000000 1.000000

0.992858 -0.102994 0.060203 -2.065152
0.107725 0.990836 -0.081481 -0.945534
-0.051260 0.087385 0.994855 1.226745
0.000000 0.000000 0.000000 1.000000

0.991553 -0.109680 0.069226 -2.126772
0.115083 0.990162 -0.079598 -0.929425
-0.059815 0.086892 0.994420 1.238346
0.000000 0.000000 0.000000 1.000000

0.990005 -0.117170 0.078491 -2.176554
0.123000 0.989638 -0.074082 -0.948386
-0.068997 0.082996 0.994158 1.261930
0.000000 0.000000 0.000000 1.000000

0.988286 -0.124291 0.088558 -2.234258
0.130678 0.988924 -0.070380 -0.961862
-0.078830 0.081128 0.993581 1.266520
0.000000 0.000000 0.000000 1.000000

0.986789 -0.131198 0.095055 -2.287488
0.137799 0.988222 -0.066546 -0.974408
-0.085205 0.078765 0.993245 1.270607
0.000000 0.000000 0.000000 1.000000

0.985649 -0.134849 0.101551 -2.358440
0.141614 0.987940 -0.062613 -1.004499
-0.091883 0.076095 0.992858 1.253617
0.000000 0.000000 0.000000 1.000000

0.984838 -0.139433 0.103211 -2.381475
0.146479 0.987132 -0.064136 -0.999077
-0.092941 0.078282 0.992590 1.266197
0.000000 0.000000 0.000000 1.000000

0.984201 -0.141058 0.107008 -2.434543
0.148365 0.986881 -0.063664 -1.012656
-0.096624 0.078535 0.992218 1.273344
0.000000 0.000000 0.000000 1.000000

0.983746 -0.141238 0.110882 -2.467945
0.148811 0.986841 -0.063243 -1.031051
-0.100490 0.078715 0.991819 1.279408
0.000000 0.000000 0.000000 1.000000

0.983178 -0.140545 0.116657 -2.509235
0.148505 0.986931 -0.062563 -1.041633
-0.106340 0.078835 0.991200 1.290364
0.000000 0.000000 0.000000 1.000000

0.982418 -0.141350 0.121959 -2.547234
0.149730 0.986751 -0.062481 -1.043326
-0.111511 0.079643 0.990567 1.308384
0.000000 0.000000 0.000000 1.000000

0.981393 -0.144565 0.126364 -2.589240
0.153055 0.986381 -0.060224 -1.051567
-0.115937 0.078444 0.990154 1.326816
0.000000 0.000000 0.000000 1.000000

0.980851 -0.146942 0.127826 -2.626590
0.155335 0.986139 -0.058324 -1.060940
-0.117484 0.077063 0.990080 1.327315
0.000000 0.000000 0.000000 1.000000

0.980592 -0.147280 0.129411 -2.658059
0.155678 0.986143 -0.057325 -1.074611
-0.119175 0.076359 0.989933 1.331057
0.000000 0.000000 0.000000 1.000000

0.980431 -0.147365 0.130529 -2.670955
0.155813 0.986140 -0.057010 -1.076907
-0.120319 0.076232 0.989804 1.327727
0.000000 0.000000 0.000000 1.000000

0.980259 -0.147553 0.131605 -2.680397
0.156034 0.986129 -0.056589 -1.081121
-0.121429 0.076007 0.989686 1.328551
0.000000 0.000000 0.000000 1.000000

0.979829 -0.148590 0.133625 -2.697036
0.157397 0.985837 -0.057898 -1.088878
-0.123129 0.077762 0.989339 1.328665
0.000000 0.000000 0.000000 1.000000

0.979227 -0.149629 0.136839 -2.723418
0.159311 0.985234 -0.062718 -1.081369
-0.125434 0.083215 0.988606 1.340385
0.000000 0.000000 0.000000 1.000000

0.978900 -0.149278 0.139535 -2.753381
0.159584 0.984990 -0.065784 -1.079327
-0.127621 0.086664 0.988030 1.330571
0.000000 0.000000 0.000000 1.000000

0.978963 -0.148313 0.140122 -2.763412
0.158864 0.985002 -0.067327 -1.090544
-0.128035 0.088171 0.987842 1.312635
0.000000 0.000000 0.000000 1.000000

0.978975 -0.148104 0.140264 -2.817259
0.159318 0.984572 -0.072357 -1.070825
-0.127384 0.093182 0.987467 1.315707
0.000000 0.000000 0.000000 1.000000

0.979898 -0.144503 0.137546 -2.829545
0.155356 0.985254 -0.071691 -1.050920
-0.125158 0.091618 0.987898 1.318115
0.000000 0.000000 0.000000 1.000000

0.980553 -0.139853 0.137685 -2.842148
0.149955 0.986494 -0.065906 -1.052468
-0.126608 0.085270 0.988281 1.305550
0.000000 0.000000 0.000000 1.000000

0.981281 -0.131191 0.140984 -2.886803
0.141048 0.988040 -0.062314 -1.049195
-0.131123 0.081034 0.988049 1.304823
0.000000 0.000000 0.000000 1.000000

0.981815 -0.127364 0.140772 -2.892314
0.137189 0.988577 -0.062403 -1.042014
-0.131216 0.080581 0.988073 1.293604
0.000000 0.000000 0.000000 1.000000

0.981786 -0.126025 0.142174 -2.920620
0.136048 0.988691 -0.063093 -1.032340
-0.132615 0.081286 0.987829 1.283049
0.000000 0.000000 0.000000 1.000000

0.981879 -0.126998 0.140659 -2.935284
0.136761 0.988660 -0.062027 -1.016010
-0.131186 0.080140 0.988113 1.270382
0.000000 0.000000 0.000000 1.000000

0.981651 -0.129225 0.140219 -2.949437
0.138509 0.988628 -0.058568 -1.011950
-0.131056 0.076915 0.988387 1.243730
0.000000 0.000000 0.000000 1.000000

0.981458 -0.130983 0.139939 -2.957943
0.139933 0.988569 -0.056119 -0.998921
-0.130989 0.074660 0.988569 1.231543
0.000000 0.000000 0.000000 1.000000

0.980936 -0.135228 0.139562 -2.964964
0.144049 0.988034 -0.055125 -0.992906
-0.130438 0.074178 0.988678 1.217133
0.000000 0.000000 0.000000 1.000000

0.979828 -0.141343 0.141280 -2.995253
0.150771 0.986844 -0.058365 -0.967126
-0.131172 0.078489 0.988248 1.174859
0.000000 0.000000 0.000000 1.000000

0.979607 -0.140573 0.143562 -3.004158
0.150913 0.986485 -0.063820 -0.928198
-0.132650 0.084184 0.987581 1.148113
0.000000 0.000000 0.000000 1.000000

0.978848 -0.141518 0.147745 -3.023522
0.152769 0.985937 -0.067745 -0.900150
-0.136081 0.088883 0.986703 1.114810
0.000000 0.000000 0.000000 1.000000

0.978097 -0.141929 0.152259 -3.047217
0.154080 0.985492 -0.071165 -0.861610
-0.139950 0.093066 0.985775 1.092652
0.000000 0.000000 0.000000 1.000000

0.977544 -0.143572 0.154257 -3.060913
0.155657 0.985378 -0.069291 -0.825155
-0.142054 0.091746 0.985598 1.073470
0.000000 0.000000 0.000000 1.000000

0.976610 -0.149321 0.154713 -3.063755
0.161024 0.984739 -0.066030 -0.785393
-0.142493 0.089398 0.985750 1.065036
0.000000 0.000000 0.000000 1.000000

0.975628 -0.156200 0.154118 -3.085531
0.167023 0.984132 -0.059894 -0.748131
-0.142317 0.084175 0.986236 1.040370
0.000000 0.000000 0.000000 1.000000

0.975650 -0.157959 0.152171 -3.087760
0.167453 0.984526 -0.051656 -0.717866
-0.141657 0.075880 0.987003 1.020496
0.000000 0.000000 0.000000 1.000000

0.974824 -0.159353 0.155963 -3.112362
0.166995 0.985259 -0.037107 -0.686603
-0.147751 0.062218 0.987066 0.971205
0.000000 0.000000 0.000000 1.000000

0.974594 -0.157628 0.159123 -3.120692
0.165218 0.985616 -0.035564 -0.673068
-0.151228 0.060950 0.986618 0.944172
0.000000 0.000000 0.000000 1.000000

0.973478 -0.158448 0.165032 -3.159060
0.165883 0.985620 -0.032200 -0.627997
-0.157557 0.058722 0.985762 0.889468
0.000000 0.000000 0.000000 1.000000

0.972906 -0.160899 0.166029 -3.190113
0.168035 0.985331 -0.029776 -0.624454
-0.158803 0.056868 0.985671 0.868618
0.000000 0.000000 0.000000 1.000000

0.973115 -0.158355 0.167242 -3.209392
0.165520 0.985759 -0.029717 -0.601464
-0.160155 0.056600 0.985468 0.829570
0.000000 0.000000 0.000000 1.000000

0.973015 -0.156518 0.169542 -3.203574
0.163993 0.985976 -0.030932 -0.589630
-0.162323 0.057901 0.985037 0.808245
0.000000 0.000000 0.000000 1.000000

0.972403 -0.154578 0.174754 -3.218837
0.162633 0.986146 -0.032664 -0.569433
-0.167284 0.060183 0.984070 0.793707
0.000000 0.000000 0.000000 1.000000

0.969422 -0.162265 0.184094 -3.258224
0.170414 0.984939 -0.029233 -0.532555
-0.176578 0.059711 0.982474 0.762199
0.000000 0.000000 0.000000 1.000000

0.967764 -0.168781 0.186935 -3.281727
0.176614 0.983938 -0.025949 -0.507352
-0.179553 0.058128 0.982029 0.747126
0.000000 0.000000 0.000000 1.000000

0.965785 -0.174970 0.191426 -3.310582
0.182186 0.983048 -0.020627 -0.489091
-0.184572 0.054797 0.981290 0.725460
0.000000 0.000000 0.000000 1.000000

0.963551 -0.181750 0.196306 -3.330219
0.188226 0.982016 -0.014690 -0.474844
-0.190106 0.051105 0.980433 0.702924
0.000000 0.000000 0.000000 1.000000

0.961408 -0.186267 0.202482 -3.351075
0.192171 0.981313 -0.009720 -0.452214
-0.196887 0.048256 0.979238 0.692391
0.000000 0.000000 0.000000 1.000000

0.959300 -0.188577 0.210198 -3.386763
0.193795 0.981033 -0.004317 -0.428423
-0.205397 0.044877 0.977649 0.678365
0.000000 0.000000 0.000000 1.000000

0.956962 -0.192486 0.217193 -3.421122
0.196657 0.980469 0.002456 -0.406402
-0.213423 0.040362 0.976126 0.661613
0.000000 0.000000 0.000000 1.000000

0.954427 -0.197107 0.224095 -3.454898
0.199648 0.979800 0.011494 -0.404205
-0.221834 0.033770 0.974499 0.631788
0.000000 0.000000 0.000000 1.000000

0.946782 -0.211484 0.242649 -3.514408
0.212015 0.976966 0.024238 -0.362713
-0.242186 0.028497 0.969811 0.599605
0.000000 0.000000 0.000000 1.000000

0.942246 -0.220019 0.252515 -3.539858
0.219259 0.975158 0.031509 -0.349012
-0.253174 0.025677 0.967080 0.591670
0.000000 0.000000 0.000000 1.000000

0.937466 -0.226709 0.264123 -3.588714
0.224705 0.973678 0.038198 -0.334596
-0.265831 0.023541 0.963732 0.583683
0.000000 0.000000 0.000000 1.000000

0.932131 -0.233603 0.276696 -3.649580
0.230523 0.972067 0.044092 -0.316982
-0.279268 0.022685 0.959945 0.569116
0.000000 0.000000 0.000000 1.000000

0.925960 -0.244400 0.287867 -3.706845
0.239774 0.969446 0.051800 -0.292024
-0.291731 0.021058 0.956269 0.562457
0.000000 0.000000 0.000000 1.000000

0.919984 -0.256050 0.296763 -3.751613
0.249355 0.966496 0.060885 -0.269904
-0.302410 0.017987 0.953008 0.548594
0.000000 0.000000 0.000000 1.000000

0.913273 -0.267981 0.306786 -3.800457
0.258783 0.963316 0.071095 -0.253112
-0.314584 0.014462 0.949119 0.536633
0.000000 0.000000 0.000000 1.000000

0.906438 -0.277926 0.318005 -3.846567
0.266412 0.960526 0.080090 -0.232150
-0.327711 0.012123 0.944700 0.530832
0.000000 0.000000 0.000000 1.000000

0.900062 -0.286105 0.328682 -3.895953
0.271968 0.958156 0.089282 -0.212891
-0.340472 0.009031 0.940211 0.521410
0.000000 0.000000 0.000000 1.000000

0.892697 -0.295998 0.339821 -3.958032
0.279567 0.955156 0.097567 -0.201097
-0.353461 0.007905 0.935416 0.532183
0.000000 0.000000 0.000000 1.000000

0.886246 -0.306670 0.347161 -4.023596
0.288386 0.951787 0.104573 -0.183783
-0.362493 0.007439 0.931957 0.542020
0.000000 0.000000 0.000000 1.000000

0.880945 -0.317429 0.350963 -4.079011
0.297340 0.948261 0.111310 -0.164569
-0.368138 0.006298 0.929750 0.549048
0.000000 0.000000 0.000000 1.000000

0.876815 -0.328296 0.351309 -4.119472
0.305732 0.944572 0.119635 -0.151382
-0.371112 0.002508 0.928585 0.547147
0.000000 0.000000 0.000000 1.000000

0.871983 -0.337460 0.354635 -4.146942
0.312267 0.941339 0.127942 -0.145334
-0.377008 -0.000822 0.926210 0.547122
0.000000 0.000000 0.000000 1.000000

0.865376 -0.344942 0.363509 -4.188291
0.316827 0.938619 0.136434 -0.138307
-0.388258 -0.002897 0.921546 0.552379
0.000000 0.000000 0.000000 1.000000

0.859179 -0.350039 0.373208 -4.219792
0.318992 0.936723 0.144203 -0.138044
-0.400069 -0.004845 0.916472 0.570411
0.000000 0.000000 0.000000 1.000000

0.853696 -0.354591 0.381403 -4.266159
0.321329 0.935005 0.150042 -0.136113
-0.409818 -0.005535 0.912151 0.588726
0.000000 0.000000 0.000000 1.000000

0.852120 -0.355923 0.383681 -4.305194
0.321349 0.934487 0.153194 -0.140687
-0.413071 -0.007245 0.910670 0.597483
0.000000 0.000000 0.000000 1.000000

0.852064 -0.357127 0.382685 -4.329279
0.320314 0.933973 0.158407 -0.140206
-0.413989 -0.012394 0.910198 0.598884
0.000000 0.000000 0.000000 1.000000

0.850781 -0.358291 0.384446 -4.360219
0.319485 0.933476 0.162947 -0.149789
-0.417254 -0.015808 0.908652 0.601068
0.000000 0.000000 0.000000 1.000000

0.848839 -0.359161 0.387912 -4.390695
0.319510 0.933139 0.164817 -0.154680
-0.421171 -0.015962 0.906841 0.612801
0.000000 0.000000 0.000000 1.000000

0.848109 -0.358509 0.390105 -4.423126
0.317731 0.933359 0.166998 -0.160008
-0.423978 -0.017684 0.905500 0.621511
0.000000 0.000000 0.000000 1.000000

0.848303 -0.356595 0.391436 -4.456338
0.315425 0.934076 0.167361 -0.172356
-0.425311 -0.018504 0.904858 0.637660
0.000000 0.000000 0.000000 1.000000

0.849784 -0.353993 0.390583 -4.495579
0.313671 0.935080 0.165033 -0.154128
-0.423647 -0.017728 0.905654 0.648531
0.000000 0.000000 0.000000 1.000000

0.853599 -0.350599 0.385291 -4.513676
0.308246 0.936179 0.168976 -0.149091
-0.419944 -0.025473 0.907192 0.658483
0.000000 0.000000 0.000000 1.000000

0.857701 -0.344183 0.381952 -4.514824
0.299052 0.938252 0.173930 -0.161941
-0.418231 -0.034957 0.907668 0.680216
0.000000 0.000000 0.000000 1.000000

0.858304 -0.339641 0.384653 -4.535903
0.294118 0.939871 0.173601 -0.150871
-0.420486 -0.035869 0.906590 0.696879
0.000000 0.000000 0.000000 1.000000

0.858651 -0.336200 0.386895 -4.539387
0.289341 0.940992 0.175546 -0.109169
-0.423084 -0.038788 0.905260 0.718411
0.000000 0.000000 0.000000 1.000000

0.858028 -0.335098 0.389227 -4.557539
0.284439 0.941038 0.183143 -0.112343
-0.427648 -0.046430 0.902752 0.765848
0.000000 0.000000 0.000000 1.000000

0.857439 -0.336862 0.389001 -4.568247
0.284423 0.940229 0.187278 -0.116349
-0.428837 -0.049939 0.902000 0.810914
0.000000 0.000000 0.000000 1.000000

0.858234 -0.335472 0.388451 -4.584824
0.281866 0.940549 0.189524 -0.133970
-0.428937 -0.053164 0.901769 0.838253
0.000000 0.000000 0.000000 1.000000

0.860641 -0.330094 0.387730 -4.588584
0.275606 0.942225 0.190403 -0.139836
-0.428180 -0.057008 0.901893 0.874741
0.000000 0.000000 0.000000 1.000000

0.862652 -0.324575 0.387921 -4.577838
0.270113 0.944052 0.189219 -0.142581
-0.427634 -0.058447 0.902061 0.906327
0.000000 0.000000 0.000000 1.000000

0.860449 -0.326539 0.391152 -4.598179
0.272476 0.943556 0.188307 -0.160017
-0.430563 -0.055449 0.900856 0.937553
0.000000 0.000000 0.000000 1.000000

0.858626 -0.331499 0.390985 -4.595814
0.278059 0.941981 0.188030 -0.173558
-0.430632 -0.052731 0.900986 0.979323
0.000000 0.000000 0.000000 1.000000

0.858227 -0.334044 0.389694 -4.572202
0.281489 0.941194 0.186860 -0.190693
-0.429198 -0.050674 0.901788 1.023770
0.000000 0.000000 0.000000 1.000000

0.856156 -0.338548 0.390360 -4.556467
0.287546 0.939840 0.184438 -0.210169
-0.429317 -0.045661 0.901999 1.056236
0.000000 0.000000 0.000000 1.000000

0.853671 -0.341832 0.392933 -4.535930
0.292515 0.938916 0.181304 -0.209947
-0.430907 -0.039835 0.901517 1.085752
0.000000 0.000000 0.000000 1.000000

0.849714 -0.345167 0.398554 -4.525719
0.296732 0.937911 0.179644 -0.221157
-0.435816 -0.034382 0.899379 1.135228
0.000000 0.000000 0.000000 1.000000

0.847152 -0.346865 0.402516 -4.527602
0.299642 0.937451 0.177201 -0.229385
-0.438804 -0.029506 0.898098 1.182527
0.000000 0.000000 0.000000 1.000000

0.846642 -0.346777 0.403662 -4.505058
0.300069 0.937532 0.176046 -0.249306
-0.439494 -0.027921 0.897811 1.220885
0.000000 0.000000 0.000000 1.000000

0.846651 -0.344865 0.405277 -4.506594
0.298004 0.938232 0.175826 -0.263777
-0.440880 -0.028089 0.897127 1.254260
0.000000 0.000000 0.000000 1.000000

0.845681 -0.346120 0.406232 -4.489763
0.298991 0.937776 0.176580 -0.289358
-0.442073 -0.027870 0.896546 1.295710
0.000000 0.000000 0.000000 1.000000

0.845713 -0.344376 0.407646 -4.473927
0.300660 0.938608 0.169172 -0.262552
-0.440878 -0.020508 0.897333 1.336803
0.000000 0.000000 0.000000 1.000000

0.847311 -0.340748 0.407377 -4.473991
0.297546 0.939930 0.167326 -0.289953
-0.439922 -0.020564 0.897801 1.378232
0.000000 0.000000 0.000000 1.000000

0.849030 -0.336280 0.407509 -4.469261
0.294199 0.941563 0.164032 -0.317237
-0.438856 -0.019380 0.898348 1.408500
0.000000 0.000000 0.000000 1.000000

0.849224 -0.333561 0.409336 -4.459183
0.292612 0.942576 0.161025 -0.335395
-0.439542 -0.016970 0.898062 1.426063
0.000000 0.000000 0.000000 1.000000

0.849458 -0.328185 0.413178 -4.456541
0.288958 0.944520 0.156156 -0.337114
-0.441503 -0.013257 0.897162 1.452719
0.000000 0.000000 0.000000 1.000000

0.849417 -0.325623 0.415282 -4.465125
0.286532 0.945412 0.155227 -0.349021
-0.443159 -0.012861 0.896351 1.472661
0.000000 0.000000 0.000000 1.000000

0.849205 -0.325915 0.415488 -4.452202
0.285947 0.945287 0.157057 -0.380478
-0.443943 -0.014566 0.895937 1.500541
0.000000 0.000000 0.000000 1.000000

0.848524 -0.324413 0.418047 -4.458438
0.284548 0.945815 0.156415 -0.385997
-0.446138 -0.013767 0.894858 1.537628
0.000000 0.000000 0.000000 1.000000

0.848544 -0.322729 0.419308 -4.476230
0.283208 0.946402 0.155296 -0.394978
-0.446952 -0.013025 0.894463 1.568829
0.000000 0.000000 0.000000 1.000000

0.849257 -0.321886 0.418512 -4.486106
0.282370 0.946681 0.155118 -0.393633
-0.446128 -0.013560 0.894866 1.605040
0.000000 0.000000 0.000000 1.000000

0.848475 -0.328668 0.414809 -4.505059
0.289905 0.944376 0.155273 -0.393979
-0.442769 -0.011490 0.896562 1.633498
0.000000 0.000000 0.000000 1.000000

0.848404 -0.336424 0.408693 -4.489670
0.295112 0.941553 0.162439 -0.430309
-0.439455 -0.017204 0.898100 1.648248
0.000000 0.000000 0.000000 1.000000

0.847002 -0.335437 0.412395 -4.477193
0.291927 0.941836 0.166502 -0.464832
-0.444259 -0.020638 0.895661 1.680220
0.000000 0.000000 0.000000 1.000000

0.842577 -0.335508 0.421305 -4.496231
0.292303 0.941896 0.165501 -0.478545
-0.452353 -0.016299 0.891690 1.707393
0.000000 0.000000 0.000000 1.000000

0.839793 -0.334662 0.427492 -4.512956
0.291412 0.942232 0.165159 -0.490602
-0.458069 -0.014123 0.888805 1.729866
0.000000 0.000000 0.000000 1.000000

0.838040 -0.334520 0.431029 -4.521654
0.291105 0.942298 0.165326 -0.504223
-0.461463 -0.013075 0.887063 1.759011
0.000000 0.000000 0.000000 1.000000

0.835696 -0.336014 0.434404 -4.549696
0.292686 0.941792 0.165420 -0.525070
-0.464701 -0.011097 0.885398 1.798340
0.000000 0.000000 0.000000 1.000000

0.834194 -0.336480 0.436922 -4.573447
0.293410 0.941643 0.164980 -0.521408
-0.466937 -0.009428 0.884240 1.841558
0.000000 0.000000 0.000000 1.000000

0.833119 -0.337096 0.438497 -4.588143
0.293642 0.941423 0.165820 -0.531915
-0.468709 -0.009387 0.883303 1.854489
0.000000 0.000000 0.000000 1.000000

0.830290 -0.339473 0.442014 -4.596485
0.296600 0.940596 0.165251 -0.546313
-0.471855 -0.006105 0.881655 1.881285
0.000000 0.000000 0.000000 1.000000

0.826246 -0.343199 0.446690 -4.620019
0.299944 0.939255 0.166837 -0.568813
-0.476814 -0.003866 0.878996 1.903523
0.000000 0.000000 0.000000 1.000000

0.822575 -0.346278 0.451067 -4.626445
0.302550 0.938130 0.168453 -0.596535
-0.481491 -0.002095 0.876449 1.924490
0.000000 0.000000 0.000000 1.000000

0.817100 -0.351174 0.457191 -4.650693
0.308082 0.936305 0.168577 -0.614240
-0.487271 0.003108 0.873246 1.951062
0.000000 0.000000 0.000000 1.000000

0.813464 -0.356023 0.459918 -4.634927
0.314740 0.934432 0.166660 -0.601206
-0.489096 0.009183 0.872181 1.980494
0.000000 0.000000 0.000000 1.000000

0.805386 -0.363261 0.468397 -4.667052
0.321484 0.931584 0.169704 -0.650351
-0.497998 0.013905 0.867067 2.032210
0.000000 0.000000 0.000000 1.000000

0.800118 -0.365745 0.475438 -4.689852
0.325305 0.930501 0.168358 -0.665765
-0.503972 0.019956 0.863490 2.057691
0.000000 0.000000 0.000000 1.000000

0.794669 -0.370250 0.481057 -4.708547
0.330686 0.928590 0.168428 -0.680335
-0.509065 0.025234 0.860358 2.099717
0.000000 0.000000 0.000000 1.000000

0.791825 -0.374140 0.482734 -4.720723
0.335037 0.926949 0.168867 -0.704119
-0.510650 0.028021 0.859332 2.125928
0.000000 0.000000 0.000000 1.000000

0.789138 -0.376501 0.485292 -4.735583
0.338055 0.925898 0.168619 -0.726459
-0.512816 0.030992 0.857939 2.170164
0.000000 0.000000 0.000000 1.000000

0.787017 -0.378759 0.486975 -4.748868
0.340261 0.924931 0.169485 -0.763930
-0.514612 0.032311 0.856814 2.187246
0.000000 0.000000 0.000000 1.000000

0.783011 -0.380782 0.491832 -4.762782
0.342732 0.923976 0.169712 -0.794892
-0.519065 0.035681 0.853990 2.224081
0.000000 0.000000 0.000000 1.000000

0.778147 -0.382436 0.498226 -4.787125
0.345342 0.923098 0.169198 -0.828593
-0.524619 0.040398 0.850378 2.261296
0.000000 0.000000 0.000000 1.000000

0.776035 -0.385115 0.499456 -4.789029
0.347940 0.921928 0.170254 -0.880916
-0.526030 0.041658 0.849445 2.264498
0.000000 0.000000 0.000000 1.000000

0.773438 -0.385782 0.502957 -4.809556
0.350522 0.921414 0.167724 -0.896309
-0.528136 0.046573 0.847882 2.289797
0.000000 0.000000 0.000000 1.000000

0.769979 -0.387498 0.506929 -4.830935
0.353702 0.920447 0.166350 -0.937759
-0.531062 0.051215 0.845784 2.322224
0.000000 0.000000 0.000000 1.000000

0.768210 -0.386827 0.510115 -4.850057
0.356384 0.920329 0.161199 -0.961563
-0.531830 0.057962 0.844865 2.356512
0.000000 0.000000 0.000000 1.000000

0.765505 -0.383694 0.516509 -4.891026
0.359140 0.920857 0.151796 -1.027586
-0.533874 0.069298 0.842720 2.390387
0.000000 0.000000 0.000000 1.000000

0.763171 -0.381066 0.521879 -4.917685
0.359799 0.921431 0.146659 -1.042647
-0.536763 0.075845 0.840317 2.410372
0.000000 0.000000 0.000000 1.000000

0.758976 -0.379102 0.529375 -4.967758
0.361962 0.921476 0.140944 -1.102967
-0.541239 0.084640 0.836598 2.459818
0.000000 0.000000 0.000000 1.000000

0.757946 -0.378335 0.531395 -4.997949
0.363715 0.921352 0.137193 -1.128592
-0.541506 0.089291 0.835941 2.482700
0.000000 0.000000 0.000000 1.000000

0.757156 -0.376421 0.533875 -5.023441
0.362386 0.922030 0.136153 -1.168512
-0.543499 0.090379 0.834530 2.496748
0.000000 0.000000 0.000000 1.000000

0.755624 -0.373597 0.538013 -5.037659
0.361236 0.922869 0.133497 -1.198630
-0.546389 0.093477 0.832299 2.513554
0.000000 0.000000 0.000000 1.000000

0.754259 -0.369305 0.542870 -5.066695
0.359369 0.924180 0.129400 -1.223355
-0.549498 0.097489 0.829788 2.535657
0.000000 0.000000 0.000000 1.000000

0.752985 -0.365654 0.547093 -5.093958
0.357605 0.925300 0.126246 -1.260112
-0.552388 0.100582 0.827497 2.564519
0.000000 0.000000 0.000000 1.000000

0.752974 -0.361957 0.549561 -5.114050
0.356828 0.926278 0.121171 -1.282059
-0.552905 0.104860 0.826620 2.581706
0.000000 0.000000 0.000000 1.000000

0.751523 -0.360824 0.552285 -5.145037
0.360042 0.925828 0.114943 -1.339901
-0.552795 0.112464 0.825693 2.611829
0.000000 0.000000 0.000000 1.000000

0.751479 -0.359669 0.553099 -5.160000
0.361883 0.925679 0.110271 -1.362939
-0.551653 0.117291 0.825786 2.611388
0.000000 0.000000 0.000000 1.000000

0.748595 -0.355738 0.559514 -5.198410
0.365615 0.925461 0.099237 -1.409633
-0.553110 0.130278 0.822859 2.626431
0.000000 0.000000 0.000000 1.000000

0.747876 -0.353806 0.561697 -5.212913
0.367711 0.925257 0.093216 -1.436770
-0.552694 0.136828 0.822075 2.642312
0.000000 0.000000 0.000000 1.000000

0.749864 -0.350072 0.561385 -5.257254
0.372609 0.924630 0.078878 -1.491631
-0.546686 0.150030 0.823787 2.648969
0.000000 0.000000 0.000000 1.000000

0.750103 -0.349332 0.561527 -5.275891
0.376673 0.923590 0.071406 -1.515214
-0.543565 0.157951 0.824372 2.657574
0.000000 0.000000 0.000000 1.000000

0.753516 -0.342716 0.561034 -5.321072
0.376386 0.924565 0.059266 -1.566685
-0.539024 0.166507 0.825668 2.644195
0.000000 0.000000 0.000000 1.000000

0.754386 -0.338885 0.562191 -5.344773
0.375629 0.925215 0.053669 -1.598689
-0.538335 0.170687 0.825264 2.639117
0.000000 0.000000 0.000000 1.000000

0.755007 -0.335001 0.563683 -5.365395
0.376264 0.925371 0.045980 -1.617362
-0.537019 0.177379 0.824710 2.643451
0.000000 0.000000 0.000000 1.000000

0.756862 -0.329252 0.564583 -5.398227
0.374112 0.926570 0.038832 -1.640414
-0.535911 0.181827 0.824462 2.640041
0.000000 0.000000 0.000000 1.000000

0.759735 -0.321080 0.565430 -5.430228
0.370516 0.928363 0.029332 -1.661141
-0.534342 0.187216 0.824275 2.633229
0.000000 0.000000 0.000000 1.000000

0.764165 -0.303285 0.569271 -5.507470
0.362590 0.931898 0.009752 -1.720037
-0.533460 0.198961 0.822092 2.617040
0.000000 0.000000 0.000000 1.000000

0.766493 -0.297002 0.569454 -5.546448
0.360962 0.932580 0.000533 -1.748248
-0.531220 0.205143 0.822023 2.585503
0.000000 0.000000 0.000000 1.000000

0.767658 -0.288638 0.572180 -5.634293
0.362082 0.932015 -0.015624 -1.776724
-0.528771 0.219170 0.819979 2.550464
0.000000 0.000000 0.000000 1.000000

0.768637 -0.283873 0.573249 -5.662036
0.361401 0.932127 -0.022992 -1.761907
-0.527814 0.224845 0.819059 2.517063
0.000000 0.000000 0.000000 1.000000

0.766919 -0.281706 0.576608 -5.706763
0.362288 0.931684 -0.026681 -1.771120
-0.529700 0.229360 0.816585 2.503138
0.000000 0.000000 0.000000 1.000000

0.767478 -0.279394 0.576989 -5.745843
0.362489 0.931469 -0.031120 -1.763699
-0.528752 0.233035 0.816159 2.466850
0.000000 0.000000 0.000000 1.000000

0.766381 -0.280089 0.578109 -5.802649
0.364468 0.930657 -0.032268 -1.759137
-0.528982 0.235432 0.815322 2.455792
0.000000 0.000000 0.000000 1.000000

0.767400 -0.282228 0.575713 -5.893998
0.369412 0.928520 -0.037228 -1.762856
-0.524054 0.241244 0.816804 2.457823
0.000000 0.000000 0.000000 1.000000

0.770575 -0.280289 0.572409 -5.919608
0.368313 0.928796 -0.041023 -1.745828
-0.520154 0.242437 0.818941 2.445099
0.000000 0.000000 0.000000 1.000000

0.771088 -0.279287 0.572209 -5.951216
0.368470 0.928631 -0.043285 -1.749229
-0.519282 0.244218 0.818965 2.427402
0.000000 0.000000 0.000000 1.000000

0.768797 -0.280527 0.574679 -6.002654
0.372524 0.926887 -0.045901 -1.743215
-0.519786 0.249370 0.817091 2.427608
0.000000 0.000000 0.000000 1.000000

0.767223 -0.285660 0.574253 -6.043813
0.378528 0.924453 -0.045862 -1.724863
-0.517769 0.252557 0.817392 2.426566
0.000000 0.000000 0.000000 1.000000

0.764701 -0.292375 0.574238 -6.083220
0.385347 0.921729 -0.043858 -1.708269
-0.516468 0.254819 0.817513 2.447551
0.000000 0.000000 0.000000 1.000000

0.764887 -0.297690 0.571253 -6.122233
0.389271 0.920179 -0.041699 -1.697739
-0.513241 0.254267 0.819714 2.454535
0.000000 0.000000 0.000000 1.000000

0.766958 -0.297237 0.568705 -6.160303
0.385367 0.921988 -0.037825 -1.699921
-0.513096 0.248171 0.821671 2.468600
0.000000 0.000000 0.000000 1.000000

0.768724 -0.295232 0.567363 -6.179368
0.380150 0.924296 -0.034104 -1.709699
-0.514343 0.241900 0.822761 2.458917
0.000000 0.000000 0.000000 1.000000

0.767675 -0.292695 0.570092 -6.211184
0.377392 0.925464 -0.033040 -1.700584
-0.517928 0.240512 0.820917 2.457461
0.000000 0.000000 0.000000 1.000000

0.765353 -0.293078 0.573009 -6.247918
0.377501 0.925495 -0.030853 -1.691548
-0.521275 0.239925 0.818968 2.464613
0.000000 0.000000 0.000000 1.000000

0.762654 -0.295497 0.575361 -6.292647
0.379465 0.924781 -0.028036 -1.689629
-0.523798 0.239711 0.817419 2.487517
0.000000 0.000000 0.000000 1.000000

0.762668 -0.296646 0.574751 -6.328708
0.379296 0.924912 -0.025934 -1.686473
-0.523900 0.237780 0.817917 2.492376
0.000000 0.000000 0.000000 1.000000

0.762837 -0.295408 0.575165 -6.392927
0.373771 0.927317 -0.019454 -1.703603
-0.527613 0.229820 0.817806 2.488737
0.000000 0.000000 0.000000 1.000000

0.760959 -0.294398 0.578162 -6.426033
0.373100 0.927602 -0.018731 -1.710209
-0.530790 0.229965 0.815707 2.490165
0.000000 0.000000 0.000000 1.000000

0.757360 -0.292240 0.583953 -6.505551
0.372554 0.927819 -0.018858 -1.717539
-0.536292 0.231837 0.811568 2.507790
0.000000 0.000000 0.000000 1.000000

0.756570 -0.294315 0.583936 -6.523424
0.374229 0.927170 -0.017554 -1.719075
-0.536242 0.231807 0.811610 2.488194
0.000000 0.000000 0.000000 1.000000

0.754630 -0.295525 0.585831 -6.545976
0.374323 0.927186 -0.014456 -1.723629
-0.538902 0.230199 0.810304 2.485723
0.000000 0.000000 0.000000 1.000000

0.749761 -0.298611 0.590500 -6.579142
0.376789 0.926245 -0.010017 -1.726267
-0.543956 0.230004 0.806976 2.491467
0.000000 0.000000 0.000000 1.000000

0.743172 -0.303600 0.596257 -6.613525
0.381954 0.924165 -0.005503 -1.724732
-0.549369 0.231832 0.802775 2.509658
0.000000 0.000000 0.000000 1.000000

0.737737 -0.309001 0.600218 -6.653086
0.385541 0.922690 0.001141 -1.724677
-0.554168 0.230567 0.799835 2.521383
0.000000 0.000000 0.000000 1.000000

0.731370 -0.315639 0.604541 -6.684388
0.389378 0.921026 0.009813 -1.725034
-0.559895 0.228218 0.796514 2.534868
0.000000 0.000000 0.000000 1.000000

0.722322 -0.324534 0.610678 -6.712542
0.397300 0.917519 0.017666 -1.718491
-0.566042 0.229862 0.791682 2.546758
0.000000 0.000000 0.000000 1.000000

0.701032 -0.347147 0.622932 -6.790699
0.419760 0.907032 0.033083 -1.714777
-0.576503 0.238290 0.781576 2.615086
0.000000 0.000000 0.000000 1.000000

0.691506 -0.361506 0.625406 -6.821155
0.432088 0.900808 0.042942 -1.726164
-0.578895 0.240536 0.779117 2.637200
0.000000 0.000000 0.000000 1.000000

0.681017 -0.375151 0.628870 -6.850934
0.444073 0.894441 0.052680 -1.738198
-0.582250 0.243388 0.775723 2.662787
0.000000 0.000000 0.000000 1.000000

0.670409 -0.386392 0.633445 -6.880620
0.454686 0.888574 0.060798 -1.745945
-0.586355 0.247259 0.771396 2.698360
0.000000 0.000000 0.000000 1.000000

0.663043 -0.393103 0.637060 -6.907939
0.459218 0.885674 0.068564 -1.760152
-0.591179 0.247089 0.767759 2.719550
0.000000 0.000000 0.000000 1.000000

0.655978 -0.397516 0.641618 -6.934487
0.461887 0.883737 0.075297 -1.777028
-0.596953 0.246962 0.763320 2.755443
0.000000 0.000000 0.000000 1.000000

0.648814 -0.401707 0.646275 -6.969743
0.466247 0.881069 0.079570 -1.791999
-0.601377 0.249698 0.758944 2.785789
0.000000 0.000000 0.000000 1.000000

0.643179 -0.406583 0.648854 -7.024924
0.471329 0.878044 0.082991 -1.795873
-0.603465 0.252446 0.756374 2.814982
0.000000 0.000000 0.000000 1.000000

0.634506 -0.418163 0.650032 -7.081549
0.479280 0.872662 0.093547 -1.837045
-0.606377 0.252191 0.754127 2.884381
0.000000 0.000000 0.000000 1.000000

0.629398 -0.424076 0.651166 -7.111568
0.483980 0.869520 0.098480 -1.857130
-0.607965 0.253167 0.752519 2.911962
0.000000 0.000000 0.000000 1.000000

0.624240 -0.429231 0.652752 -7.131787
0.488447 0.866529 0.102693 -1.879257
-0.609708 0.254730 0.750579 2.948033
0.000000 0.000000 0.000000 1.000000

0.620839 -0.432844 0.653610 -7.142727
0.490499 0.864867 0.106840 -1.907329
-0.611531 0.254264 0.749253 2.960535
0.000000 0.000000 0.000000 1.000000

0.616398 -0.434911 0.656434 -7.168022
0.491625 0.863751 0.110625 -1.933267
-0.615108 0.254530 0.746228 2.969715
0.000000 0.000000 0.000000 1.000000

0.610937 -0.437403 0.659874 -7.199599
0.494313 0.861827 0.113616 -1.952302
-0.618394 0.256772 0.742736 2.994041
0.000000 0.000000 0.000000 1.000000

0.607593 -0.439060 0.661859 -7.220259
0.495971 0.860610 0.115601 -1.965940
-0.620358 0.258025 0.740661 3.006856
0.000000 0.000000 0.000000 1.000000

0.604008 -0.440288 0.664319 -7.234058
0.496455 0.859930 0.118549 -1.977448
-0.623463 0.258200 0.737988 3.020506
0.000000 0.000000 0.000000 1.000000

0.598390 -0.443673 0.667146 -7.244930
0.498198 0.858171 0.123857 -1.993463
-0.627477 0.258256 0.734559 3.027172
0.000000 0.000000 0.000000 1.000000

0.591829 -0.446311 0.671226 -7.260817
0.501115 0.855965 0.127308 -1.999618
-0.631365 0.261017 0.730238 3.046250
0.000000 0.000000 0.000000 1.000000

0.587709 -0.447402 0.674114 -7.285382
0.499759 0.855985 0.132405 -2.018742
-0.636269 0.259079 0.726663 3.061233
0.000000 0.000000 0.000000 1.000000

0.585591 -0.447828 0.675672 -7.305288
0.498772 0.856130 0.135157 -2.021297
-0.638990 0.257860 0.724707 3.065500
0.000000 0.000000 0.000000 1.000000

0.584939 -0.446342 0.677219 -7.322808
0.494984 0.857892 0.137884 -2.024678
-0.642524 0.254559 0.722747 3.086429
0.000000 0.000000 0.000000 1.000000

0.585255 -0.444740 0.677999 -7.353431
0.489735 0.860299 0.141578 -2.031175
-0.646248 0.249181 0.721299 3.101212
0.000000 0.000000 0.000000 1.000000

0.584797 -0.444578 0.678500 -7.374403
0.486553 0.861511 0.145135 -2.028805
-0.649059 0.245252 0.720120 3.115697
0.000000 0.000000 0.000000 1.000000

0.584461 -0.445906 0.677918 -7.393994
0.484250 0.862057 0.149532 -2.023204
-0.651081 0.240886 0.719769 3.124257
0.000000 0.000000 0.000000 1.000000

0.582676 -0.450691 0.676288 -7.428540
0.484698 0.860665 0.155959 -2.020929
-0.652347 0.236922 0.719938 3.133337
0.000000 0.000000 0.000000 1.000000

0.581946 -0.456038 0.673327 -7.456161
0.485216 0.859156 0.162533 -2.020343
-0.652614 0.232124 0.721259 3.140552
0.000000 0.000000 0.000000 1.000000

0.581482 -0.459798 0.671167 -7.485983
0.484070 0.858591 0.168811 -2.016852
-0.653877 0.226731 0.721830 3.151804
0.000000 0.000000 0.000000 1.000000

0.580571 -0.464528 0.668694 -7.520046
0.484454 0.857166 0.174845 -2.008074
-0.654402 0.222441 0.722688 3.155682
0.000000 0.000000 0.000000 1.000000

0.579640 -0.470117 0.665588 -7.557328
0.484635 0.855526 0.182220 -2.018029
-0.655093 0.216945 0.723732 3.168299
0.000000 0.000000 0.000000 1.000000

0.581557 -0.474375 0.660879 -7.584872
0.484676 0.854503 0.186854 -2.015807
-0.653361 0.211646 0.726860 3.186554
0.000000 0.000000 0.000000 1.000000

0.585099 -0.479536 0.653991 -7.613744
0.484020 0.853547 0.192828 -2.020094
-0.650680 0.203721 0.731514 3.184388
0.000000 0.000000 0.000000 1.000000

0.587069 -0.482913 0.649727 -7.642953
0.483999 0.852728 0.196471 -2.008569
-0.648919 0.199125 0.734339 3.184786
0.000000 0.000000 0.000000 1.000000

0.586102 -0.488498 0.646416 -7.684102
0.485994 0.850313 0.201936 -2.003451
-0.648301 0.195799 0.735778 3.183410
0.000000 0.000000 0.000000 1.000000

0.586357 -0.496020 0.640429 -7.702433
0.489525 0.846885 0.207729 -2.001803
-0.645408 0.191703 0.739391 3.168886
0.000000 0.000000 0.000000 1.000000

0.586012 -0.500748 0.637057 -7.733297
0.492925 0.844295 0.210215 -1.980522
-0.643129 0.190832 0.741599 3.170642
0.000000 0.000000 0.000000 1.000000

0.585342 -0.505958 0.633546 -7.769903
0.495307 0.841785 0.214639 -1.951679
-0.641908 0.188162 0.743337 3.169992
0.000000 0.000000 0.000000 1.000000

0.582732 -0.515164 0.628514 -7.816980
0.499560 0.837096 0.222957 -1.919687
-0.640986 0.184056 0.745158 3.164823
0.000000 0.000000 0.000000 1.000000

0.577742 -0.530450 0.620353 -7.879154
0.508032 0.828562 0.235348 -1.881368
-0.638841 0.179188 0.748180 3.186006
0.000000 0.000000 0.000000 1.000000

0.576869 -0.549046 0.604790 -7.906885
0.514792 0.819228 0.252694 -1.868321
-0.634202 0.165570 0.755232 3.196457
0.000000 0.000000 0.000000 1.000000

0.579080 -0.561736 0.590863 -7.942141
0.515957 0.813653 0.267876 -1.858192
-0.631233 0.149738 0.761001 3.195160
0.000000 0.000000 0.000000 1.000000

0.582475 -0.567394 0.582054 -7.970560
0.509504 0.812791 0.282447 -1.863068
-0.633347 0.132040 0.762520 3.193770
0.000000 0.000000 0.000000 1.000000

0.584687 -0.567806 0.579428 -7.990937
0.499113 0.814833 0.294846 -1.888404
-0.639553 0.116807 0.759821 3.172931
0.000000 0.000000 0.000000 1.000000

0.584774 -0.564210 0.582843 -8.032739
0.488040 0.818618 0.302790 -1.889911
-0.647963 0.107387 0.754064 3.174342
0.000000 0.000000 0.000000 1.000000

0.584077 -0.563314 0.584406 -8.083952
0.481062 0.820142 0.309751 -1.885187
-0.653783 0.100217 0.750016 3.170719
0.000000 0.000000 0.000000 1.000000

0.586034 -0.563634 0.582135 -8.134366
0.474977 0.821011 0.316760 -1.878714
-0.656476 0.090869 0.748854 3.148973
0.000000 0.000000 0.000000 1.000000

0.587859 -0.566582 0.577413 -8.186684
0.470821 0.820053 0.325333 -1.886057
-0.657837 0.080608 0.748834 3.143891
0.000000 0.000000 0.000000 1.000000

0.589411 -0.572611 0.569834 -8.229865
0.469604 0.816824 0.335067 -1.896857
-0.657317 0.070104 0.750346 3.133056
0.000000 0.000000 0.000000 1.000000

0.591869 -0.576165 0.563672 -8.253282
0.465059 0.815278 0.345025 -1.920849
-0.658340 0.057931 0.750488 3.133738
0.000000 0.000000 0.000000 1.000000

0.592890 -0.576778 0.561969 -8.278709
0.459619 0.815393 0.351972 -1.932531
-0.661235 0.049611 0.748537 3.121767
0.000000 0.000000 0.000000 1.000000

0.591030 -0.576609 0.564097 -8.309080
0.453523 0.815846 0.358765 -1.939833
-0.667084 0.043790 0.743695 3.121680
0.000000 0.000000 0.000000 1.000000

0.586496 -0.578464 0.566923 -8.360783
0.451222 0.814621 0.364405 -1.942940
-0.672622 0.042086 0.738788 3.130398
0.000000 0.000000 0.000000 1.000000

0.582920 -0.583797 0.565142 -8.403984
0.452489 0.810940 0.370985 -1.947936
-0.674876 0.039467 0.736875 3.143423
0.000000 0.000000 0.000000 1.000000

0.581759 -0.588807 0.561127 -8.446819
0.452906 0.807544 0.377821 -1.960742
-0.675598 0.034337 0.736470 3.152913
0.000000 0.000000 0.000000 1.000000

0.579755 -0.594490 0.557194 -8.468907
0.453858 0.803557 0.385109 -1.979433
-0.676680 0.029618 0.735681 3.165884
0.000000 0.000000 0.000000 1.000000

0.575443 -0.599023 0.556809 -8.507143
0.453665 0.800277 0.392102 -1.998417
-0.680480 0.026973 0.732270 3.175712
0.000000 0.000000 0.000000 1.000000

0.571046 -0.603343 0.556671 -8.539853
0.453469 0.797098 0.398749 -2.010727
-0.684304 0.024729 0.728777 3.172289
0.000000 0.000000 0.000000 1.000000

0.565814 -0.605747 0.559397 -8.577328
0.450744 0.795330 0.405315 -2.030898
-0.690423 0.022813 0.723046 3.191926
0.000000 0.000000 0.000000 1.000000

0.559583 -0.609010 0.562115 -8.617635
0.448935 0.792864 0.412097 -2.041643
-0.696652 0.021751 0.717079 3.210473
0.000000 0.000000 0.000000 1.000000

0.552925 -0.612868 0.564505 -8.655285
0.447249 0.789919 0.419519 -2.060155
-0.703023 0.020512 0.710871 3.242051
0.000000 0.000000 0.000000 1.000000

0.546322 -0.616943 0.566493 -8.685588
0.446418 0.786754 0.426297 -2.077917
-0.708691 0.019997 0.705235 3.269434
0.000000 0.000000 0.000000 1.000000

0.538162 -0.620675 0.570215 -8.716275
0.446516 0.783751 0.431691 -2.086710
-0.714846 0.022290 0.698926 3.295058
0.000000 0.000000 0.000000 1.000000

0.529301 -0.624984 0.573790 -8.726427
0.446018 0.780274 0.438453 -2.111133
-0.721740 0.023847 0.691754 3.316512
0.000000 0.000000 0.000000 1.000000

0.517859 -0.627753 0.581161 -8.761116
0.445296 0.777866 0.443436 -2.129267
-0.730434 0.029151 0.682361 3.355060
0.000000 0.000000 0.000000 1.000000

0.503927 -0.632156 0.588588 -8.797950
0.448244 0.773890 0.447405 -2.137780
-0.738333 0.038372 0.673344 3.398625
0.000000 0.000000 0.000000 1.000000

0.490300 -0.637149 0.594682 -8.822187
0.451249 0.769329 0.452225 -2.160340
-0.745641 0.046624 0.664715 3.443880
0.000000 0.000000 0.000000 1.000000

0.477621 -0.641333 0.600475 -8.852867
0.453993 0.765311 0.456277 -2.178895
-0.752176 0.054683 0.656690 3.487724
0.000000 0.000000 0.000000 1.000000

0.465474 -0.645153 0.605897 -8.879753
0.455889 0.761550 0.460659 -2.200051
-0.758617 0.061797 0.648600 3.537874
0.000000 0.000000 0.000000 1.000000

0.456005 -0.646888 0.611224 -8.900777
0.455774 0.759634 0.463926 -2.228294
-0.764415 0.067028 0.641231 3.595321
0.000000 0.000000 0.000000 1.000000

0.449176 -0.646616 0.616546 -8.912479
0.453799 0.759553 0.465988 -2.264541
-0.769615 0.070478 0.634607 3.645542
0.000000 0.000000 0.000000 1.000000

0.442801 -0.644294 0.623548 -8.929244
0.452090 0.761005 0.465281 -2.291842
-0.774301 0.075873 0.628252 3.688996
0.000000 0.000000 0.000000 1.000000

0.435434 -0.642924 0.630116 -8.953267
0.451305 0.761547 0.465157 -2.326835
-0.778923 0.081829 0.621758 3.742270
0.000000 0.000000 0.000000 1.000000

0.429677 -0.642417 0.634569 -8.950715
0.452918 0.761282 0.464020 -2.357633
-0.781180 0.088029 0.618068 3.789667
0.000000 0.000000 0.000000 1.000000

0.424875 -0.640886 0.639333 -8.963423
0.454200 0.761840 0.461846 -2.394441
-0.783060 0.094158 0.614777 3.839286
0.000000 0.000000 0.000000 1.000000

0.421964 -0.637417 0.644706 -8.969630
0.452477 0.764284 0.459494 -2.437812
-0.785628 0.097825 0.610917 3.885410
0.000000 0.000000 0.000000 1.000000

0.419521 -0.632233 0.651370 -8.974393
0.449361 0.768122 0.456139 -2.482393
-0.788718 0.101340 0.606344 3.927863
0.000000 0.000000 0.000000 1.000000

0.416903 -0.625486 0.659515 -8.994943
0.447876 0.772742 0.449752 -2.511804
-0.790948 0.107878 0.602298 3.958649
0.000000 0.000000 0.000000 1.000000

0.416305 -0.619820 0.665217 -9.017524
0.444154 0.777029 0.446042 -2.552463
-0.793358 0.109769 0.598776 4.000920
0.000000 0.000000 0.000000 1.000000

0.414623 -0.615155 0.670576 -9.026160
0.442592 0.780193 0.442053 -2.578734
-0.795110 0.113506 0.595749 4.046091
0.000000 0.000000 0.000000 1.000000

0.410933 -0.612716 0.675066 -9.042828
0.444380 0.781173 0.438515 -2.605140
-0.796028 0.119786 0.593288 4.069527
0.000000 0.000000 0.000000 1.000000

0.407792 -0.611750 0.677841 -9.047171
0.444922 0.781406 0.437550 -2.635382
-0.797340 0.123156 0.590832 4.096776
0.000000 0.000000 0.000000 1.000000

0.406469 -0.608955 0.681143 -9.050491
0.442231 0.783488 0.436553 -2.672909
-0.799509 0.123778 0.587763 4.120475
0.000000 0.000000 0.000000 1.000000

0.406960 -0.604428 0.684872 -9.056808
0.439664 0.786817 0.433144 -2.680436
-0.800674 0.124841 0.585949 4.131727
0.000000 0.000000 0.000000 1.000000

0.406548 -0.600893 0.688220 -9.064641
0.435237 0.789691 0.432384 -2.705951
-0.803297 0.123754 0.582579 4.158966
0.000000 0.000000 0.000000 1.000000

0.406025 -0.596844 0.692041 -9.089681
0.433319 0.792466 0.429223 -2.715266
-0.804598 0.125599 0.580385 4.180596
0.000000 0.000000 0.000000 1.000000

0.404527 -0.596415 0.693287 -9.121111
0.433452 0.792565 0.428905 -2.724642
-0.805281 0.127003 0.579131 4.202418
0.000000 0.000000 0.000000 1.000000

0.402515 -0.598904 0.692312 -9.131236
0.434630 0.790637 0.431266 -2.739708
-0.805654 0.127308 0.578544 4.227673
0.000000 0.000000 0.000000 1.000000

0.402196 -0.599688 0.691818 -9.136921
0.434963 0.790064 0.431980 -2.757688
-0.805634 0.127174 0.578603 4.243419
0.000000 0.000000 0.000000 1.000000

0.402236 -0.598141 0.693133 -9.149299
0.431959 0.791504 0.432358 -2.780157
-0.807228 0.125495 0.576744 4.270040
0.000000 0.000000 0.000000 1.000000

0.402515 -0.595560 0.695191 -9.171831
0.430200 0.793409 0.430617 -2.804186
-0.808028 0.125741 0.575569 4.297606
0.000000 0.000000 0.000000 1.000000

0.405334 -0.593560 0.695263 -9.192295
0.430489 0.794870 0.427623 -2.816808
-0.806463 0.125973 0.577709 4.313755
0.000000 0.000000 0.000000 1.000000

0.407193 -0.593796 0.693974 -9.207433
0.432788 0.794543 0.425906 -2.829272
-0.804294 0.126918 0.580520 4.319544
0.000000 0.000000 0.000000 1.000000

0.405386 -0.594759 0.694207 -9.221279
0.435395 0.793359 0.425456 -2.842803
-0.803800 0.129780 0.580572 4.338415
0.000000 0.000000 0.000000 1.000000

0.404493 -0.594671 0.694803 -9.232504
0.436356 0.793168 0.424827 -2.875279
-0.803728 0.131342 0.580319 4.348581
0.000000 0.000000 0.000000 1.000000

0.402379 -0.592756 0.697661 -9.254521
0.436641 0.794074 0.422837 -2.897931
-0.804634 0.134487 0.578340 4.356759
0.000000 0.000000 0.000000 1.000000

0.399327 -0.590347 0.701447 -9.299870
0.437411 0.795082 0.420138 -2.917017
-0.805735 0.139048 0.575722 4.370266
0.000000 0.000000 0.000000 1.000000

0.398536 -0.589660 0.702474 -9.338972
0.441491 0.794691 0.416596 -2.927262
-0.803900 0.144107 0.577043 4.385896
0.000000 0.000000 0.000000 1.000000

0.398776 -0.591295 0.700963 -9.374990
0.447602 0.792634 0.413985 -2.937280
-0.800394 0.148665 0.580748 4.398494
0.000000 0.000000 0.000000 1.000000

0.399262 -0.594411 0.698044 -9.413072
0.454752 0.789498 0.412182 -2.958472
-0.796110 0.152869 0.585526 4.396738
0.000000 0.000000 0.000000 1.000000

0.399163 -0.596523 0.696296 -9.449660
0.459434 0.787330 0.411135 -2.981435
-0.793466 0.155792 0.588337 4.403594
0.000000 0.000000 0.000000 1.000000

0.400772 -0.597129 0.694852 -9.468227
0.461160 0.786820 0.410178 -3.004230
-0.791652 0.156050 0.590707 4.401511
0.000000 0.000000 0.000000 1.000000

0.400602 -0.593986 0.697638 -9.500775
0.459580 0.788959 0.407836 -3.020701
-0.792657 0.157241 0.589042 4.398688
0.000000 0.000000 0.000000 1.000000

0.397935 -0.591614 0.701171 -9.543708
0.458739 0.790198 0.406382 -3.029889
-0.794485 0.159941 0.585843 4.406970
0.000000 0.000000 0.000000 1.000000

0.396726 -0.591855 0.701653 -9.557056
0.458193 0.790027 0.407329 -3.045097
-0.795404 0.159894 0.584608 4.415501
0.000000 0.000000 0.000000 1.000000

0.395159 -0.594653 0.700169 -9.602946
0.460867 0.787673 0.408868 -3.060788
-0.794639 0.161116 0.585312 4.441274
0.000000 0.000000 0.000000 1.000000

0.395267 -0.599574 0.695899 -9.635626
0.465355 0.783884 0.411060 -3.090846
-0.791965 0.161362 0.588858 4.454941
0.000000 0.000000 0.000000 1.000000

0.399341 -0.600243 0.692990 -9.647423
0.467674 0.783506 0.409144 -3.108509
-0.788548 0.160705 0.593604 4.454089
0.000000 0.000000 0.000000 1.000000

0.404645 -0.597223 0.692522 -9.657328
0.464162 0.786622 0.407161 -3.139395
-0.787919 0.156687 0.595511 4.459506
0.000000 0.000000 0.000000 1.000000

0.406428 -0.590858 0.696924 -9.664920
0.460046 0.791357 0.402632 -3.171502
-0.789414 0.156977 0.593451 4.453935
0.000000 0.000000 0.000000 1.000000

0.404136 -0.582372 0.705349 -9.697535
0.457899 0.796355 0.395153 -3.194435
-0.791835 0.163283 0.588504 4.455612
0.000000 0.000000 0.000000 1.000000

0.401721 -0.576809 0.711274 -9.729186
0.457493 0.799242 0.389759 -3.215034
-0.793297 0.168828 0.584959 4.466238
0.000000 0.000000 0.000000 1.000000

0.398043 -0.574780 0.714976 -9.764897
0.461151 0.799115 0.385687 -3.241696
-0.793033 0.176192 0.583143 4.479786
0.000000 0.000000 0.000000 1.000000

0.395951 -0.575221 0.715782 -9.788274
0.466807 0.797342 0.382541 -3.270732
-0.790768 0.182664 0.584225 4.485771
0.000000 0.000000 0.000000 1.000000

0.396383 -0.574875 0.715820 -9.806900
0.470818 0.796641 0.379069 -3.287408
-0.788169 0.186764 0.586437 4.485373
0.000000 0.000000 0.000000 1.000000

0.396366 -0.573321 0.717075 -9.809489
0.470098 0.797631 0.377879 -3.312291
-0.788607 0.187317 0.585671 4.480736
0.000000 0.000000 0.000000 1.000000

0.393649 -0.569550 0.721564 -9.824772
0.466573 0.800109 0.377008 -3.334106
-0.792054 0.188254 0.580698 4.489447
0.000000 0.000000 0.000000 1.000000

0.388178 -0.567554 0.726085 -9.846444
0.463356 0.801236 0.378578 -3.350270
-0.796629 0.189480 0.574002 4.491073
0.000000 0.000000 0.000000 1.000000

0.378092 -0.569047 0.730228 -9.852011
0.461545 0.799627 0.384152 -3.379927
-0.802510 0.191788 0.564973 4.509914
0.000000 0.000000 0.000000 1.000000

0.367117 -0.570050 0.735030 -9.871358
0.462434 0.797485 0.387521 -3.400363
-0.807081 0.197637 0.556380 4.530563
0.000000 0.000000 0.000000 1.000000

0.358093 -0.572117 0.737870 -9.875448
0.462931 0.795092 0.391821 -3.433219
-0.810842 0.201274 0.549568 4.555836
0.000000 0.000000 0.000000 1.000000

0.348512 -0.574270 0.740779 -9.878000
0.465707 0.791966 0.394851 -3.456363
-0.813423 0.207376 0.543451 4.576977
0.000000 0.000000 0.000000 1.000000

0.336722 -0.575939 0.744925 -9.882189
0.469339 0.788500 0.397477 -3.480946
-0.816296 0.215783 0.535816 4.595700
0.000000 0.000000 0.000000 1.000000

0.325856 -0.578453 0.747803 -9.884437
0.471107 0.785127 0.402038 -3.512823
-0.819680 0.221289 0.528352 4.614790
0.000000 0.000000 0.000000 1.000000

0.313651 -0.578110 0.753267 -9.884371
0.470227 0.783761 0.405717 -3.536967
-0.824930 0.226953 0.517670 4.636416
0.000000 0.000000 0.000000 1.000000

0.299614 -0.577313 0.759567 -9.878233
0.469000 0.782428 0.409690 -3.567501
-0.830825 0.233487 0.505186 4.659251
0.000000 0.000000 0.000000 1.000000

0.284704 -0.575473 0.766664 -9.876757
0.469720 0.780919 0.411740 -3.578465
-0.835648 0.242893 0.492642 4.687970
0.000000 0.000000 0.000000 1.000000

0.268081 -0.576552 0.771829 -9.884436
0.473202 0.776654 0.415799 -3.605257
-0.839174 0.253763 0.481032 4.728121
0.000000 0.000000 0.000000 1.000000

0.255514 -0.578622 0.774538 -9.880557
0.475642 0.772707 0.420343 -3.631937
-0.841711 0.260999 0.472655 4.778430
0.000000 0.000000 0.000000 1.000000

0.247548 -0.579827 0.776222 -9.874796
0.479048 0.769626 0.422125 -3.652843
-0.842160 0.267351 0.468285 4.820010
0.000000 0.000000 0.000000 1.000000

0.242073 -0.582991 0.775578 -9.870034
0.485820 0.764761 0.423226 -3.678456
-0.839869 0.274339 0.468357 4.860537
0.000000 0.000000 0.000000 1.000000

0.240304 -0.586564 0.773432 -9.854397
0.493244 0.760034 0.423153 -3.697222
-0.836041 0.279805 0.471958 4.889762
0.000000 0.000000 0.000000 1.000000

0.238331 -0.589288 0.771971 -9.830951
0.498461 0.756415 0.423524 -3.715711
-0.833508 0.283859 0.474014 4.906429
0.000000 0.000000 0.000000 1.000000

0.234245 -0.590485 0.772306 -9.813113
0.499260 0.754717 0.425608 -3.741349
-0.834187 0.285885 0.471595 4.915375
0.000000 0.000000 0.000000 1.000000

0.226414 -0.588361 0.776253 -9.799623
0.497298 0.755078 0.427262 -3.760727
-0.837515 0.289290 0.463550 4.931317
0.000000 0.000000 0.000000 1.000000

0.218764 -0.583629 0.781998 -9.784227
0.493479 0.757542 0.427326 -3.773405
-0.841796 0.292416 0.453731 4.941325
0.000000 0.000000 0.000000 1.000000

0.212626 -0.579553 0.786707 -9.776832
0.487340 0.760732 0.428703 -3.787503
-0.846929 0.292241 0.444191 4.955700
0.000000 0.000000 0.000000 1.000000

0.207627 -0.576858 0.790016 -9.754533
0.481550 0.763254 0.430758 -3.796854
-0.851469 0.290995 0.436258 4.959464
0.000000 0.000000 0.000000 1.000000

0.202285 -0.571174 0.795513 -9.740214
0.475314 0.767478 0.430180 -3.791105
-0.856246 0.291099 0.426736 4.984801
0.000000 0.000000 0.000000 1.000000

0.199067 -0.569427 0.797575 -9.720579
0.469633 0.769754 0.432348 -3.803865
-0.860126 0.288501 0.420654 5.002632
0.000000 0.000000 0.000000 1.000000

0.194922 -0.569475 0.798564 -9.696083
0.464927 0.770544 0.436009 -3.823895
-0.863625 0.286286 0.414960 5.023708
0.000000 0.000000 0.000000 1.000000

0.191560 -0.569259 0.799531 -9.667908
0.463408 0.770557 0.437601 -3.826994
-0.865192 0.286683 0.411407 5.039124
0.000000 0.000000 0.000000 1.000000

0.189295 -0.569160 0.800141 -9.640732
0.460653 0.771111 0.439530 -3.834981
-0.867160 0.285386 0.408152 5.059032
0.000000 0.000000 0.000000 1.000000

0.186135 -0.569586 0.800578 -9.601648
0.458488 0.771016 0.441954 -3.842716
-0.868990 0.284792 0.404661 5.063569
0.000000 0.000000 0.000000 1.000000

0.181190 -0.567609 0.803113 -9.571005
0.454260 0.772597 0.443556 -3.852555
-0.872249 0.284454 0.397829 5.083983
0.000000 0.000000 0.000000 1.000000

0.178822 -0.565746 0.804956 -9.542882
0.452825 0.773666 0.443159 -3.849948
-0.873483 0.285258 0.394532 5.092659
0.000000 0.000000 0.000000 1.000000

0.177388 -0.565948 0.805131 -9.505155
0.452330 0.773458 0.444026 -3.858506
-0.874031 0.285421 0.393197 5.098368
0.000000 0.000000 0.000000 1.000000

0.176511 -0.567560 0.804189 -9.455476
0.452184 0.772457 0.445915 -3.859894
-0.874285 0.284933 0.392988 5.096323
0.000000 0.000000 0.000000 1.000000

0.173706 -0.568496 0.804138 -9.399877
0.450609 0.771941 0.448396 -3.877983
-0.875658 0.284463 0.390260 5.115271
0.000000 0.000000 0.000000 1.000000

0.174761 -0.566574 0.805266 -9.352216
0.446963 0.774379 0.447841 -3.880928
-0.877316 0.281659 0.388569 5.119552
0.000000 0.000000 0.000000 1.000000

0.175591 -0.563481 0.807253 -9.309416
0.444936 0.776889 0.445506 -3.867812
-0.878180 0.280949 0.387127 5.126243
0.000000 0.000000 0.000000 1.000000

0.174920 -0.563373 0.807474 -9.256827
0.445102 0.776777 0.445535 -3.861562
-0.878229 0.281475 0.386633 5.130573
0.000000 0.000000 0.000000 1.000000

0.173382 -0.562749 0.808240 -9.220359
0.446127 0.776519 0.444960 -3.844864
-0.878015 0.283430 0.385692 5.149746
0.000000 0.000000 0.000000 1.000000

0.175704 -0.563336 0.807329 -9.161869
0.447097 0.776295 0.444377 -3.845731
-0.877059 0.282876 0.388264 5.160341
0.000000 0.000000 0.000000 1.000000

0.180817 -0.562870 0.806525 -9.095728
0.447515 0.777320 0.442158 -3.833738
-0.875806 0.280982 0.392446 5.167529
0.000000 0.000000 0.000000 1.000000

0.186187 -0.559807 0.807435 -9.032126
0.446007 0.780408 0.438224 -3.823625
-0.875449 0.278530 0.394980 5.160548
0.000000 0.000000 0.000000 1.000000

0.187137 -0.554951 0.810561 -8.978443
0.440705 0.784869 0.435614 -3.818406
-0.877929 0.275699 0.391447 5.172555
0.000000 0.000000 0.000000 1.000000

0.183699 -0.549881 0.814792 -8.924296
0.437422 0.788033 0.433204 -3.804680
-0.880293 0.276829 0.385291 5.180950
0.000000 0.000000 0.000000 1.000000

0.176578 -0.548231 0.817474 -8.882126
0.440501 0.786726 0.432460 -3.795209
-0.880216 0.283735 0.380415 5.203342
0.000000 0.000000 0.000000 1.000000

0.177948 -0.549051 0.816626 -8.839024
0.448248 0.783999 0.429439 -3.759525
-0.876018 0.289633 0.385622 5.179364
0.000000 0.000000 0.000000 1.000000

0.178353 -0.550742 0.815398 -8.769124
0.456152 0.780536 0.427421 -3.762953
-0.871846 0.295713 0.390433 5.182240
0.000000 0.000000 0.000000 1.000000

0.183552 -0.547196 0.816630 -8.704759
0.457261 0.782924 0.421833 -3.779538
-0.870185 0.295985 0.393918 5.198676
0.000000 0.000000 0.000000 1.000000

0.194449 -0.538516 0.819872 -8.647217
0.451608 0.791122 0.412524 -3.779034
-0.870770 0.290046 0.397031 5.192222
0.000000 0.000000 0.000000 1.000000

0.199619 -0.529076 0.824761 -8.598527
0.444284 0.799080 0.405071 -3.774108
-0.873363 0.285569 0.394572 5.187339
0.000000 0.000000 0.000000 1.000000

0.196786 -0.521630 0.830167 -8.556268
0.441711 0.803094 0.399914 -3.771271
-0.875309 0.287997 0.388447 5.195852
0.000000 0.000000 0.000000 1.000000

0.193782 -0.516062 0.834343 -8.518606
0.440508 0.805680 0.396021 -3.774542
-0.876585 0.290793 0.383456 5.205152
0.000000 0.000000 0.000000 1.000000

0.194143 -0.511126 0.837293 -8.488770
0.440090 0.808200 0.391322 -3.784618
-0.876715 0.292512 0.381848 5.231482
0.000000 0.000000 0.000000 1.000000

0.199166 -0.508666 0.837610 -8.454111
0.442815 0.809210 0.386127 -3.793998
-0.874212 0.294003 0.386412 5.255376
0.000000 0.000000 0.000000 1.000000

0.207005 -0.506612 0.836955 -8.419881
0.445594 0.810423 0.380343 -3.799777
-0.870974 0.294209 0.393505 5.269103
0.000000 0.000000 0.000000 1.000000

0.214019 -0.504704 0.836343 -8.368131
0.446759 0.811962 0.375665 -3.812770
-0.868678 0.293244 0.399257 5.266269
0.000000 0.000000 0.000000 1.000000

0.218272 -0.500622 0.837696 -8.328993
0.447022 0.814332 0.370182 -3.827255
-0.867484 0.293668 0.401535 5.254911
0.000000 0.000000 0.000000 1.000000

0.218579 -0.494870 0.841027 -8.308811
0.445537 0.817401 0.365175 -3.845704
-0.868170 0.294889 0.399150 5.274971
0.000000 0.000000 0.000000 1.000000

0.220537 -0.490448 0.843104 -8.280954
0.445524 0.819597 0.360234 -3.858431
-0.867682 0.296178 0.399258 5.291734
0.000000 0.000000 0.000000 1.000000

0.223831 -0.487520 0.843934 -8.253046
0.446633 0.820939 0.355779 -3.870617
-0.866267 0.297294 0.401494 5.312792
0.000000 0.000000 0.000000 1.000000

0.227714 -0.486157 0.843681 -8.223897
0.448095 0.821569 0.352472 -3.889892
-0.864498 0.297786 0.404927 5.334464
0.000000 0.000000 0.000000 1.000000

0.230764 -0.484647 0.843721 -8.198478
0.449483 0.822155 0.349322 -3.907227
-0.862968 0.298627 0.407565 5.350607
0.000000 0.000000 0.000000 1.000000

0.233784 -0.482606 0.844060 -8.169756
0.449743 0.823337 0.346190 -3.916997
-0.862019 0.298677 0.409532 5.360584
0.000000 0.000000 0.000000 1.000000

0.234934 -0.479303 0.845621 -8.138730
0.451164 0.824351 0.341903 -3.898754
-0.860963 0.301189 0.409912 5.370559
0.000000 0.000000 0.000000 1.000000

0.231812 -0.477476 0.847514 -8.109747
0.451836 0.824409 0.340872 -3.910525
-0.861456 0.303919 0.406849 5.395127
0.000000 0.000000 0.000000 1.000000

0.228036 -0.476263 0.849219 -8.079669
0.453533 0.823755 0.340198 -3.919569
-0.861572 0.307572 0.403848 5.422814
0.000000 0.000000 0.000000 1.000000

0.224027 -0.477704 0.849477 -8.048216
0.455582 0.821865 0.342029 -3.945820
-0.861544 0.310382 0.401753 5.438568
0.000000 0.000000 0.000000 1.000000

0.219058 -0.477923 0.850649 -8.026201
0.456765 0.820624 0.343428 -3.967004
-0.862195 0.313316 0.398063 5.472055
0.000000 0.000000 0.000000 1.000000

0.214230 -0.479112 0.851209 -8.002330
0.457902 0.819014 0.345748 -3.982645
-0.862804 0.315700 0.394844 5.500703
0.000000 0.000000 0.000000 1.000000

0.209579 -0.481114 0.851238 -7.966260
0.460449 0.816564 0.348152 -3.990688
-0.862591 0.318986 0.392663 5.490325
0.000000 0.000000 0.000000 1.000000

0.200080 -0.482672 0.852640 -7.939439
0.462849 0.813575 0.351946 -4.015371
-0.863562 0.324226 0.386185 5.514453
0.000000 0.000000 0.000000 1.000000

0.192014 -0.483040 0.854285 -7.918214
0.462712 0.812216 0.355251 -4.047695
-0.865464 0.327075 0.379466 5.550068
0.000000 0.000000 0.000000 1.000000

0.187596 -0.480624 0.856626 -7.898882
0.461239 0.813082 0.355184 -4.069581
-0.867217 0.328478 0.374214 5.593924
0.000000 0.000000 0.000000 1.000000

0.186603 -0.478434 0.858068 -7.874404
0.460573 0.814084 0.353750 -4.089749
-0.867785 0.329192 0.372265 5.603140
0.000000 0.000000 0.000000 1.000000

0.183579 -0.475416 0.860395 -7.858608
0.459265 0.815350 0.352534 -4.110999
-0.869123 0.330431 0.368023 5.624617
0.000000 0.000000 0.000000 1.000000

0.180237 -0.471250 0.863388 -7.834834
0.456818 0.817461 0.350819 -4.107374
-0.871109 0.331181 0.362613 5.668327
0.000000 0.000000 0.000000 1.000000

0.176518 -0.470243 0.864704 -7.807251
0.454816 0.818057 0.352030 -4.135222
-0.872917 0.331142 0.358276 5.688426
0.000000 0.000000 0.000000 1.000000

0.171950 -0.467539 0.867087 -7.781434
0.453412 0.818983 0.351687 -4.150979
-0.874557 0.332676 0.352812 5.719949
0.000000 0.000000 0.000000 1.000000

0.168481 -0.465254 0.868995 -7.752220
0.451212 0.820212 0.351655 -4.164914
-0.876369 0.332854 0.348118 5.739980
0.000000 0.000000 0.000000 1.000000

0.161601 -0.463285 0.871351 -7.732306
0.450081 0.820379 0.352711 -4.200412
-0.878244 0.335180 0.341090 5.770533
0.000000 0.000000 0.000000 1.000000

0.154323 -0.461097 0.873827 -7.704031
0.448907 0.820587 0.353724 -4.223331
-0.880152 0.337679 0.333624 5.809251
0.000000 0.000000 0.000000 1.000000

0.149243 -0.459341 0.875633 -7.680508
0.448151 0.820797 0.354192 -4.248458
-0.881412 0.339555 0.328353 5.824722
0.000000 0.000000 0.000000 1.000000

0.143895 -0.457051 0.877724 -7.650600
0.447618 0.821094 0.354179 -4.266060
-0.882571 0.341921 0.322736 5.841071
0.000000 0.000000 0.000000 1.000000

0.137935 -0.453471 0.880533 -7.632959
0.446912 0.821877 0.353254 -4.290600
-0.883880 0.344795 0.316027 5.858941
0.000000 0.000000 0.000000 1.000000

0.132551 -0.449368 0.883458 -7.613058
0.444324 0.823687 0.352301 -4.305599
-0.886006 0.345844 0.308846 5.889972
0.000000 0.000000 0.000000 1.000000

0.128880 -0.446663 0.885371 -7.594837
0.444617 0.824076 0.351019 -4.325966
-0.886400 0.348412 0.304801 5.892870
0.000000 0.000000 0.000000 1.000000

0.124979 -0.444093 0.887221 -7.589647
0.446152 0.823876 0.349539 -4.338761
-0.886188 0.352151 0.301100 5.912238
0.000000 0.000000 0.000000 1.000000

0.123875 -0.439818 0.889503 -7.576916
0.448897 0.824276 0.345052 -4.312620
-0.884956 0.356552 0.299540 5.934809
0.000000 0.000000 0.000000 1.000000

0.122728 -0.438813 0.890158 -7.551226
0.448337 0.824712 0.344738 -4.331673
-0.885399 0.356781 0.297951 5.953473
0.000000 0.000000 0.000000 1.000000

0.121058 -0.437487 0.891039 -7.542641
0.448129 0.825048 0.344203 -4.360730
-0.885734 0.357632 0.295930 5.973452
0.000000 0.000000 0.000000 1.000000

0.121326 -0.437625 0.890934 -7.531220
0.446423 0.825723 0.344801 -4.381952
-0.886559 0.355900 0.295548 5.984329
0.000000 0.000000 0.000000 1.000000

0.119967 -0.434398 0.892696 -7.515290
0.445193 0.827251 0.342724 -4.373801
-0.887362 0.356306 0.292634 6.022468
0.000000 0.000000 0.000000 1.000000

0.119323 -0.434974 0.892502 -7.498688
0.445009 0.827004 0.343557 -4.388517
-0.887541 0.356177 0.292248 6.052771
0.000000 0.000000 0.000000 1.000000

0.121493 -0.436249 0.891586 -7.486211
0.445576 0.826621 0.343745 -4.393139
-0.886962 0.355506 0.294811 6.062777
0.000000 0.000000 0.000000 1.000000

0.123822 -0.437969 0.890422 -7.470515
0.447396 0.825587 0.343864 -4.405468
-0.885723 0.355794 0.298171 6.075801
0.000000 0.000000 0.000000 1.000000

0.125413 -0.439815 0.889289 -7.447472
0.446095 0.825640 0.345425 -4.417915
-0.886155 0.353386 0.299745 6.114801
0.000000 0.000000 0.000000 1.000000

0.128227 -0.441227 0.888187 -7.445623
0.446860 0.825222 0.345434 -4.432908
-0.885366 0.352602 0.302983 6.135025
0.000000 0.000000 0.000000 1.000000

0.133304 -0.442418 0.886846 -7.444714
0.445436 0.826105 0.345162 -4.442136
-0.885334 0.349022 0.307192 6.147360
0.000000 0.000000 0.000000 1.000000

0.137995 -0.445897 0.884383 -7.430273
0.445367 0.825493 0.346713 -4.465054
-0.884650 0.346030 0.312502 6.149333
0.000000 0.000000 0.000000 1.000000

0.140903 -0.447390 0.883170 -7.417133
0.444590 0.825655 0.347323 -4.470224
-0.884582 0.343710 0.315242 6.167759
0.000000 0.000000 0.000000 1.000000

0.142472 -0.448382 0.882415 -7.414542
0.445819 0.825027 0.347240 -4.480741
-0.883712 0.343925 0.317441 6.191281
0.000000 0.000000 0.000000 1.000000

0.145207 -0.449937 0.881176 -7.414649
0.444864 0.825202 0.348048 -4.497332
-0.883748 0.341464 0.319986 6.229481
0.000000 0.000000 0.000000 1.000000

0.152398 -0.451666 0.879075 -7.402927
0.445183 0.825490 0.346956 -4.501443
-0.882376 0.338474 0.326877 6.220936
0.000000 0.000000 0.000000 1.000000

0.156984 -0.452455 0.877861 -7.407205
0.446643 0.825312 0.345500 -4.510690
-0.880832 0.337853 0.331647 6.217926
0.000000 0.000000 0.000000 1.000000

0.158163 -0.451611 0.878084 -7.420885
0.446793 0.825764 0.344225 -4.515495
-0.880546 0.337878 0.332382 6.243492
0.000000 0.000000 0.000000 1.000000

0.163177 -0.450975 0.877493 -7.418186
0.447480 0.826500 0.341555 -4.501390
-0.879281 0.336927 0.336669 6.226207
0.000000 0.000000 0.000000 1.000000

0.164036 -0.451104 0.877267 -7.432247
0.447646 0.826514 0.341303 -4.520373
-0.879037 0.336719 0.337513 6.232536
0.000000 0.000000 0.000000 1.000000

0.165057 -0.450088 0.877597 -7.440181
0.449556 0.826326 0.339241 -4.531085
-0.877870 0.338535 0.338731 6.235161
0.000000 0.000000 0.000000 1.000000

0.165516 -0.447777 0.878693 -7.461964
0.451038 0.826710 0.336326 -4.530959
-0.877023 0.340657 0.338798 6.246944
0.000000 0.000000 0.000000 1.000000

0.165748 -0.446742 0.879176 -7.478848
0.453133 0.826322 0.334457 -4.535134
-0.875898 0.342948 0.339395 6.262780
0.000000 0.000000 0.000000 1.000000

0.165667 -0.447348 0.878882 -7.509467
0.455783 0.825038 0.334028 -4.556932
-0.874538 0.345242 0.340575 6.278297
0.000000 0.000000 0.000000 1.000000

0.166504 -0.447069 0.878866 -7.523301
0.457084 0.824755 0.332947 -4.568108
-0.873699 0.346279 0.341673 6.303221
0.000000 0.000000 0.000000 1.000000

0.169877 -0.446106 0.878710 -7.536633
0.457819 0.825332 0.330499 -4.561941
-0.872665 0.346146 0.344441 6.307119
0.000000 0.000000 0.000000 1.000000

0.171065 -0.445354 0.878861 -7.556575
0.455659 0.826645 0.330203 -4.573678
-0.873563 0.343975 0.344339 6.310563
0.000000 0.000000 0.000000 1.000000

0.170344 -0.442682 0.880350 -7.580329
0.453518 0.828381 0.328795 -4.571979
-0.874817 0.343246 0.341874 6.328160
0.000000 0.000000 0.000000 1.000000

0.170085 -0.440565 0.881461 -7.611597
0.454092 0.828905 0.326676 -4.580849
-0.874569 0.344702 0.341041 6.335134
0.000000 0.000000 0.000000 1.000000

0.171673 -0.440194 0.881339 -7.647406
0.455687 0.828644 0.325113 -4.582615
-0.873429 0.345801 0.342847 6.340142
0.000000 0.000000 0.000000 1.000000

0.170279 -0.442968 0.880219 -7.687892
0.458100 0.826454 0.327291 -4.615603
-0.872439 0.347497 0.343651 6.355871
0.000000 0.000000 0.000000 1.000000

0.172319 -0.443168 0.879721 -7.720791
0.459868 0.825976 0.326015 -4.608264
-0.871107 0.348376 0.346130 6.358783
0.000000 0.000000 0.000000 1.000000

0.174996 -0.443215 0.879168 -7.753261
0.458438 0.826923 0.325626 -4.610051
-0.871327 0.346061 0.347895 6.360178
0.000000 0.000000 0.000000 1.000000

0.177271 -0.440961 0.879846 -7.801543
0.454542 0.829626 0.324211 -4.593590
-0.872907 0.342454 0.347504 6.369338
0.000000 0.000000 0.000000 1.000000

0.177854 -0.440692 0.879863 -7.850642
0.451130 0.831140 0.325098 -4.590020
-0.874557 0.339112 0.346631 6.379089
0.000000 0.000000 0.000000 1.000000

0.177301 -0.441487 0.879576 -7.894047
0.450631 0.830959 0.326249 -4.591869
-0.874926 0.338520 0.346277 6.380515
0.000000 0.000000 0.000000 1.000000

0.176501 -0.442862 0.879045 -7.947678
0.450834 0.830254 0.327759 -4.592295
-0.874983 0.338454 0.346198 6.406128
0.000000 0.000000 0.000000 1.000000

0.178744 -0.445934 0.877037 -7.996224
0.452535 0.828772 0.329165 -4.586059
-0.873649 0.338053 0.349938 6.412020
0.000000 0.000000 0.000000 1.000000

0.179902 -0.449232 0.875115 -8.039154
0.455906 0.826391 0.330497 -4.586816
-0.871657 0.339513 0.353477 6.417249
0.000000 0.000000 0.000000 1.000000

0.181575 -0.450278 0.874231 -8.091202
0.458309 0.825304 0.329889 -4.590718
-0.870048 0.340768 0.356221 6.417750
0.000000 0.000000 0.000000 1.000000

0.185108 -0.451175 0.873027 -8.146496
0.459217 0.825132 0.329056 -4.581855
-0.868824 0.339998 0.359926 6.418404
0.000000 0.000000 0.000000 1.000000

0.188147 -0.451386 0.872268 -8.205814
0.459593 0.825353 0.327974 -4.566320
-0.867972 0.339181 0.362741 6.416827
0.000000 0.000000 0.000000 1.000000

0.187858 -0.454954 0.870474 -8.259247
0.461284 0.823300 0.330748 -4.565348
-0.867137 0.339402 0.364527 6.421599
0.000000 0.000000 0.000000 1.000000

0.188598 -0.457486 0.868986 -8.304001
0.461581 0.822328 0.332744 -4.538957
-0.866818 0.338352 0.366257 6.422821
0.000000 0.000000 0.000000 1.000000

0.187806 -0.460053 0.867802 -8.346802
0.461752 0.821155 0.335394 -4.524911
-0.866899 0.337720 0.366648 6.428867
0.000000 0.000000 0.000000 1.000000

0.188086 -0.461184 0.867141 -8.408396
0.460296 0.821325 0.336977 -4.511865
-0.867612 0.335760 0.366761 6.435736
0.000000 0.000000 0.000000 1.000000

0.194324 -0.460188 0.866294 -8.458351
0.459682 0.822879 0.334011 -4.468167
-0.866562 0.333313 0.371446 6.401702
0.000000 0.000000 0.000000 1.000000

0.198487 -0.460553 0.865155 -8.511486
0.457409 0.824221 0.333822 -4.459318
-0.866822 0.329471 0.374258 6.398881
0.000000 0.000000 0.000000 1.000000

0.201003 -0.461746 0.863938 -8.556148
0.456120 0.824616 0.334609 -4.465024
-0.866921 0.326802 0.376362 6.394489
0.000000 0.000000 0.000000 1.000000

0.201307 -0.462348 0.863545 -8.615412
0.455360 0.824712 0.335405 -4.463070
-0.867250 0.325705 0.376556 6.412529
0.000000 0.000000 0.000000 1.000000

0.202911 -0.465862 0.861278 -8.655254
0.456110 0.823295 0.337860 -4.472230
-0.866482 0.324282 0.379540 6.403505
0.000000 0.000000 0.000000 1.000000

0.203577 -0.465634 0.861244 -8.701625
0.456067 0.823498 0.337424 -4.477842
-0.866348 0.324093 0.380006 6.416894
0.000000 0.000000 0.000000 1.000000

0.207929 -0.465322 0.860372 -8.746587
0.453845 0.825080 0.336553 -4.490183
-0.866482 0.320496 0.382742 6.415069
0.000000 0.000000 0.000000 1.000000

0.211846 -0.462808 0.860773 -8.789196
0.451375 0.827531 0.333846 -4.482575
-0.866823 0.317808 0.384209 6.417690
0.000000 0.000000 0.000000 1.000000

0.212890 -0.462468 0.860698 -8.842572
0.449885 0.828355 0.333813 -4.492497
-0.867341 0.316150 0.384406 6.422191
0.000000 0.000000 0.000000 1.000000

0.212109 -0.462996 0.860607 -8.894769
0.451635 0.827400 0.333819 -4.482454
-0.866623 0.317874 0.384604 6.429478
0.000000 0.000000 0.000000 1.000000

0.209649 -0.466138 0.859513 -8.951824
0.451288 0.825949 0.337858 -4.491453
-0.867402 0.317056 0.383522 6.456593
0.000000 0.000000 0.000000 1.000000

0.210089 -0.469444 0.857604 -9.012220
0.450713 0.824914 0.341138 -4.476503
-0.867595 0.314864 0.384890 6.479393
0.000000 0.000000 0.000000 1.000000

0.210095 -0.475363 0.854336 -9.038531
0.450130 0.822746 0.347091 -4.453338
-0.867896 0.311640 0.386829 6.487078
0.000000 0.000000 0.000000 1.000000

0.205905 -0.482874 0.851138 -9.097559
0.450720 0.818822 0.355503 -4.457361
-0.868594 0.310425 0.386240 6.494252
0.000000 0.000000 0.000000 1.000000

0.201037 -0.489429 0.848553 -9.151165
0.449672 0.815687 0.363938 -4.446331
-0.870276 0.308406 0.384066 6.527641
0.000000 0.000000 0.000000 1.000000

0.196540 -0.498166 0.844513 -9.206680
0.449093 0.811391 0.374112 -4.439095
-0.871600 0.305737 0.383194 6.540496
0.000000 0.000000 0.000000 1.000000

0.188329 -0.507665 0.840719 -9.264107
0.449832 0.805552 0.385664 -4.439334
-0.873031 0.305551 0.380073 6.569256
0.000000 0.000000 0.000000 1.000000

0.181162 -0.516971 0.836613 -9.315868
0.451008 0.799633 0.396457 -4.433472
-0.873940 0.305496 0.378021 6.591779
0.000000 0.000000 0.000000 1.000000

0.172861 -0.526711 0.832283 -9.362243
0.450168 0.793830 0.408879 -4.438307
-0.876052 0.303988 0.374331 6.621274
0.000000 0.000000 0.000000 1.000000

0.163161 -0.538125 0.826922 -9.404808
0.453511 0.785263 0.421533 -4.464621
-0.876188 0.306241 0.372170 6.601619
0.000000 0.000000 0.000000 1.000000

0.149210 -0.543195 0.826242 -9.470413
0.454684 0.779705 0.430491 -4.474919
-0.878066 0.311445 0.363322 6.634838
0.000000 0.000000 0.000000 1.000000

0.138940 -0.548447 0.824561 -9.535894
0.453067 0.775591 0.439532 -4.484074
-0.880583 0.312513 0.356244 6.669226
0.000000 0.000000 0.000000 1.000000

0.126846 -0.554705 0.822322 -9.583744
0.453091 0.769879 0.449438 -4.512440
-0.882394 0.315577 0.348988 6.689406
0.000000 0.000000 0.000000 1.000000

0.112315 -0.558605 0.821794 -9.642260
0.455103 0.764105 0.457192 -4.521797
-0.883327 0.322651 0.340044 6.714755
0.000000 0.000000 0.000000 1.000000

0.097301 -0.563456 0.820396 -9.707149
0.457853 0.757244 0.465781 -4.533546
-0.883687 0.330299 0.331661 6.743742
0.000000 0.000000 0.000000 1.000000

0.080693 -0.569024 0.818352 -9.764412
0.462159 0.748798 0.475090 -4.555132
-0.883118 0.339872 0.323402 6.788309
0.000000 0.000000 0.000000 1.000000

0.068129 -0.574065 0.815970 -9.826422
0.466409 0.741320 0.482604 -4.573581
-0.881941 0.347697 0.318255 6.828750
0.000000 0.000000 0.000000 1.000000

0.057986 -0.578123 0.813887 -9.887657
0.469520 0.735259 0.488821 -4.586565
-0.881016 0.353791 0.314075 6.875437
0.000000 0.000000 0.000000 1.000000

0.049047 -0.582451 0.811385 -9.956528
0.470275 0.730148 0.495708 -4.596724
-0.881156 0.357260 0.309724 6.918399
0.000000 0.000000 0.000000 1.000000

0.036234 -0.586810 0.808914 -10.013793
0.474026 0.722682 0.503021 -4.603256
-0.879765 0.365220 0.304349 6.951706
0.000000 0.000000 0.000000 1.000000

0.019453 -0.590452 0.806838 -10.073792
0.479739 0.713535 0.510606 -4.613920
-0.877196 0.377139 0.297143 6.995206
0.000000 0.000000 0.000000 1.000000

0.003970 -0.593111 0.805111 -10.140312
0.486805 0.704423 0.516536 -4.609396
-0.873502 0.389881 0.291526 7.039750
0.000000 0.000000 0.000000 1.000000

-0.009515 -0.598246 0.801256 -10.180987
0.492468 0.694576 0.524443 -4.628188
-0.870279 0.399583 0.288008 7.073699
0.000000 0.000000 0.000000 1.000000

-0.023399 -0.598421 0.800840 -10.235705
0.497483 0.687866 0.528537 -4.642770
-0.867158 0.410772 0.281609 7.116151
0.000000 0.000000 0.000000 1.000000

-0.035228 -0.598395 0.800426 -10.285973
0.501193 0.682344 0.532176 -4.663268
-0.864618 0.419916 0.275874 7.154397
0.000000 0.000000 0.000000 1.000000

-0.045606 -0.599012 0.799440 -10.349159
0.503336 0.677485 0.536346 -4.675231
-0.862886 0.426848 0.270607 7.183770
0.000000 0.000000 0.000000 1.000000

-0.059119 -0.602475 0.795945 -10.385042
0.505991 0.669236 0.544148 -4.692635
-0.860510 0.434911 0.265282 7.196533
0.000000 0.000000 0.000000 1.000000

-0.075426 -0.602694 0.794400 -10.438916
0.507688 0.662470 0.550806 -4.707420
-0.858233 0.444852 0.256012 7.237266
0.000000 0.000000 0.000000 1.000000

-0.086201 -0.605215 0.791381 -10.481798
0.509434 0.655862 0.557065 -4.715407
-0.856181 0.451176 0.251781 7.259048
0.000000 0.000000 0.000000 1.000000

-0.093350 -0.608805 0.787809 -10.504991
0.503678 0.653668 0.564825 -4.747565
-0.858833 0.449528 0.245621 7.283516
0.000000 0.000000 0.000000 1.000000

-0.097442 -0.607601 0.788243 -10.544802
0.494804 0.657615 0.568077 -4.753867
-0.863524 0.445380 0.236563 7.291357
0.000000 0.000000 0.000000 1.000000

-0.104114 -0.607245 0.787664 -10.584608
0.482703 0.661585 0.573850 -4.757264
-0.869574 0.439953 0.224238 7.292249
0.000000 0.000000 0.000000 1.000000

-0.115341 -0.605294 0.787601 -10.609062
0.466377 0.667067 0.580960 -4.772556
-0.877034 0.434327 0.205355 7.310830
0.000000 0.000000 0.000000 1.000000

-0.127516 -0.599599 0.790077 -10.660225
0.450405 0.674702 0.584733 -4.790353
-0.883671 0.430418 0.184027 7.365307
0.000000 0.000000 0.000000 1.000000

-0.134839 -0.599748 0.788746 -10.702571
0.438225 0.677839 0.590333 -4.812719
-0.888694 0.425249 0.171426 7.401938
0.000000 0.000000 0.000000 1.000000

-0.139715 -0.599671 0.787956 -10.734028
0.427298 0.681342 0.594298 -4.839524
-0.893251 0.419724 0.161044 7.448567
0.000000 0.000000 0.000000 1.000000

-0.138930 -0.597674 0.789610 -10.784593
0.420357 0.686355 0.593479 -4.852914
-0.896660 0.414370 0.155881 7.497189
0.000000 0.000000 0.000000 1.000000

-0.136193 -0.598280 0.789628 -10.827979
0.415952 0.688864 0.593676 -4.864657
-0.899130 0.409302 0.155037 7.541989
0.000000 0.000000 0.000000 1.000000

-0.134958 -0.596788 0.790968 -10.869634
0.416980 0.689937 0.591706 -4.875225
-0.898841 0.409673 0.155736 7.587249
0.000000 0.000000 0.000000 1.000000

-0.132116 -0.595834 0.792166 -10.923018
0.420884 0.689832 0.589057 -4.879596
-0.897442 0.411234 0.159639 7.611739
0.000000 0.000000 0.000000 1.000000

-0.132435 -0.594328 0.793244 -10.956075
0.423006 0.689866 0.587496 -4.890818
-0.896397 0.413352 0.160041 7.635327
0.000000 0.000000 0.000000 1.000000

-0.133542 -0.590495 0.795916 -11.005695
0.423445 0.692113 0.584530 -4.888094
-0.896025 0.415086 0.157616 7.655290
0.000000 0.000000 0.000000 1.000000

-0.136520 -0.588188 0.797118 -11.043545
0.421398 0.693741 0.584078 -4.897105
-0.896541 0.415642 0.153152 7.683494
0.000000 0.000000 0.000000 1.000000

-0.138006 -0.584094 0.799868 -11.096020
0.419929 0.696907 0.581361 -4.893654
-0.897003 0.416119 0.149100 7.720575
0.000000 0.000000 0.000000 1.000000

-0.138806 -0.580764 0.802151 -11.149114
0.423080 0.697578 0.578263 -4.890806
-0.895397 0.419640 0.148882 7.750276
0.000000 0.000000 0.000000 1.000000

-0.140159 -0.578977 0.803207 -11.217292
0.427509 0.696315 0.576525 -4.875439
-0.893080 0.424183 0.149923 7.811720
0.000000 0.000000 0.000000 1.000000

-0.139892 -0.583323 0.800103 -11.259812
0.437221 0.688615 0.578486 -4.873636
-0.888407 0.430748 0.158710 7.850689
0.000000 0.000000 0.000000 1.000000

-0.131870 -0.590166 0.796439 -11.314983
0.445103 0.682650 0.579545 -4.869682
-0.885717 0.430922 0.172663 7.869457
0.000000 0.000000 0.000000 1.000000

-0.122830 -0.599290 0.791052 -11.355879
0.446218 0.678624 0.583403 -4.881704
-0.886455 0.424641 0.184058 7.888274
0.000000 0.000000 0.000000 1.000000

-0.117573 -0.604863 0.787602 -11.402286
0.443006 0.677868 0.586721 -4.893178
-0.888776 0.417895 0.188259 7.917115
0.000000 0.000000 0.000000 1.000000

-0.115790 -0.607501 0.785834 -11.458718
0.440181 0.677841 0.588874 -4.895655
-0.890412 0.414095 0.188923 7.947120
0.000000 0.000000 0.000000 1.000000

-0.115182 -0.612377 0.782130 -11.501315
0.438352 0.675224 0.593228 -4.907257
-0.891393 0.411177 0.190663 7.976876
0.000000 0.000000 0.000000 1.000000

-0.112473 -0.617307 0.778641 -11.532081
0.438107 0.672527 0.596464 -4.919071
-0.891859 0.408214 0.194805 7.995303
0.000000 0.000000 0.000000 1.000000

-0.108560 -0.619321 0.777597 -11.563051
0.437758 0.672511 0.596739 -4.936081
-0.892515 0.405181 0.198105 8.027452
0.000000 0.000000 0.000000 1.000000

-0.103094 -0.620782 0.777175 -11.601317
0.438782 0.672823 0.595634 -4.948260
-0.892660 0.402416 0.203024 8.058629
0.000000 0.000000 0.000000 1.000000

-0.100898 -0.621759 0.776682 -11.631390
0.441947 0.671404 0.594894 -4.980336
-0.891349 0.403276 0.207041 8.071731
0.000000 0.000000 0.000000 1.000000

-0.102893 -0.619702 0.778064 -11.674898
0.444252 0.671236 0.593366 -5.000973
-0.889974 0.406710 0.206238 8.094194
0.000000 0.000000 0.000000 1.000000

-0.107098 -0.618465 0.778480 -11.715612
0.444977 0.670374 0.593796 -5.013603
-0.889115 0.410000 0.203407 8.116575
0.000000 0.000000 0.000000 1.000000

-0.111685 -0.618284 0.777979 -11.750029
0.442294 0.670132 0.596070 -5.035167
-0.889889 0.410668 0.198620 8.149246
0.000000 0.000000 0.000000 1.000000

-0.114401 -0.618775 0.777194 -11.791387
0.439145 0.670245 0.598267 -5.047222
-0.891103 0.409743 0.195056 8.183279
0.000000 0.000000 0.000000 1.000000

-0.116726 -0.622276 0.774046 -11.829262
0.437505 0.667461 0.602566 -5.076808
-0.891608 0.408984 0.194339 8.214488
0.000000 0.000000 0.000000 1.000000

-0.117808 -0.628004 0.769241 -11.875943
0.436590 0.662998 0.608131 -5.103549
-0.891914 0.407485 0.196074 8.236244
0.000000 0.000000 0.000000 1.000000

-0.120683 -0.632975 0.764708 -11.899609
0.434123 0.659118 0.614085 -5.129039
-0.892733 0.406087 0.195245 8.263873
0.000000 0.000000 0.000000 1.000000

-0.123979 -0.635813 0.761821 -11.932826
0.429207 0.657846 0.618886 -5.158044
-0.894656 0.403708 0.191336 8.294268
0.000000 0.000000 0.000000 1.000000

-0.130986 -0.636535 0.760043 -11.974214
0.424253 0.656912 0.623279 -5.186255
-0.896020 0.404092 0.184006 8.314419
0.000000 0.000000 0.000000 1.000000

-0.139980 -0.637567 0.757571 -12.008585
0.416810 0.656070 0.629160 -5.208369
-0.898151 0.403833 0.173908 8.343933
0.000000 0.000000 0.000000 1.000000

-0.152768 -0.638910 0.753960 -12.044150
0.410165 0.653113 0.636560 -5.236414
-0.899125 0.406494 0.162284 8.384104
0.000000 0.000000 0.000000 1.000000

-0.167362 -0.641337 0.748783 -12.077959
0.406862 0.646876 0.644992 -5.255418
-0.898027 0.412599 0.152673 8.424890
0.000000 0.000000 0.000000 1.000000

-0.182177 -0.642792 0.744063 -12.109284
0.405491 0.640269 0.652405 -5.279179
-0.895761 0.420565 0.144004 8.476549
0.000000 0.000000 0.000000 1.000000

-0.195278 -0.644499 0.739248 -12.141998
0.407459 0.632315 0.658904 -5.291451
-0.892101 0.429883 0.139130 8.524399
0.000000 0.000000 0.000000 1.000000

-0.205876 -0.648736 0.732636 -12.168818
0.407467 0.623856 0.666914 -5.303264
-0.889711 0.435827 0.135902 8.578687
0.000000 0.000000 0.000000 1.000000

-0.217058 -0.652554 0.725988 -12.197908
0.406075 0.615953 0.675059 -5.316921
-0.887687 0.441333 0.131288 8.639637
0.000000 0.000000 0.000000 1.000000

